num 	nn0 	nn0 	degrad_value 
1226 	0.09244698058 	0.09244698058 	6.125e-01 	
1598 	0.09257989312 	0.09257989312 	6.120e-01 	
669 	0.07593175887 	0.07593175887 	6.685e-01 	
1667 	0.06384186281 	0.06384186281 	7.128e-01 	
833 	0.08679788653 	0.08679788653 	6.311e-01 	
1369 	0.09707256805 	0.09707256805 	5.976e-01 	
1175 	0.07632966997 	0.07632966997 	6.671e-01 	
1938 	0.107656394 	0.107656394 	5.650e-01 	
999 	0.1134148365 	0.1134148365 	5.480e-01 	
1976 	0.09884301963 	0.09884301963 	5.920e-01 	
416 	0.1139612011 	0.1139612011 	5.464e-01 	
578 	0.114582177 	0.114582177 	5.446e-01 	
276 	0.1166763525 	0.1166763525 	5.386e-01 	
957 	0.1180042274 	0.1180042274 	5.348e-01 	
293 	0.1185444443 	0.1185444443 	5.333e-01 	
1500 	0.1193130461 	0.1193130461 	5.311e-01 	
1517 	0.1290305752 	0.1290305752 	5.045e-01 	
852 	0.1281716253 	0.1281716253 	5.068e-01 	
500 	0.1234135904 	0.1234135904 	5.197e-01 	
1262 	0.1231319821 	0.1231319821 	5.205e-01 	
964 	0.1310014911 	0.1310014911 	4.992e-01 	
1860 	0.1299218791 	0.1299218791 	5.021e-01 	
88 	0.1242929655 	0.1242929655 	5.173e-01 	
499 	0.132207686 	0.132207686 	4.960e-01 	
810 	0.1324005173 	0.1324005173 	4.955e-01 	
1965 	0.1329588593 	0.1329588593 	4.941e-01 	
1853 	0.1362592187 	0.1362592187 	4.855e-01 	
1768 	0.1409302699 	0.1409302699 	4.736e-01 	
1915 	0.1414096197 	0.1414096197 	4.724e-01 	
1499 	0.1416477232 	0.1416477232 	4.718e-01 	
1607 	0.1438771092 	0.1438771092 	4.663e-01 	
355 	0.1452644188 	0.1452644188 	4.628e-01 	
1039 	0.146346003 	0.146346003 	4.602e-01 	
1751 	0.1466814459 	0.1466814459 	4.594e-01 	
1423 	0.1476744945 	0.1476744945 	4.570e-01 	
1946 	0.1499419677 	0.1499419677 	4.515e-01 	
1114 	0.1479839761 	0.1479839761 	4.562e-01 	
758 	0.1526105923 	0.1526105923 	4.452e-01 	
1990 	0.1523503116 	0.1523503116 	4.458e-01 	
529 	0.1510867735 	0.1510867735 	4.488e-01 	
880 	0.1531074268 	0.1531074268 	4.440e-01 	
875 	0.1531118717 	0.1531118717 	4.440e-01 	
803 	0.1533486333 	0.1533486333 	4.434e-01 	
1481 	0.1543233659 	0.1543233659 	4.411e-01 	
334 	0.1534042152 	0.1534042152 	4.433e-01 	
1929 	0.1548732639 	0.1548732639 	4.399e-01 	
478 	0.1559304199 	0.1559304199 	4.374e-01 	
304 	0.1560421303 	0.1560421303 	4.371e-01 	
415 	0.1561756732 	0.1561756732 	4.368e-01 	
553 	0.1587739344 	0.1587739344 	4.308e-01 	
1356 	0.1592197992 	0.1592197992 	4.298e-01 	
1296 	0.1593571409 	0.1593571409 	4.295e-01 	
1861 	0.159389895 	0.159389895 	4.294e-01 	
956 	0.1611825007 	0.1611825007 	4.254e-01 	
1606 	0.1644867515 	0.1644867515 	4.180e-01 	
1744 	0.1644080482 	0.1644080482 	4.182e-01 	
1096 	0.1617814102 	0.1617814102 	4.240e-01 	
218 	0.1624039814 	0.1624039814 	4.226e-01 	
1442 	0.1640930822 	0.1640930822 	4.189e-01 	
767 	0.1654538312 	0.1654538312 	4.159e-01 	
1839 	0.1665337106 	0.1665337106 	4.135e-01 	
1382 	0.1634425626 	0.1634425626 	4.203e-01 	
234 	0.1675650332 	0.1675650332 	4.112e-01 	
592 	0.1676366451 	0.1676366451 	4.111e-01 	
587 	0.1684948133 	0.1684948133 	4.092e-01 	
954 	0.168626128 	0.168626128 	4.089e-01 	
634 	0.1687749129 	0.1687749129 	4.086e-01 	
1804 	0.169469776 	0.169469776 	4.071e-01 	
285 	0.1706315861 	0.1706315861 	4.046e-01 	
437 	0.1689010057 	0.1689010057 	4.083e-01 	
142 	0.1708654222 	0.1708654222 	4.041e-01 	
1058 	0.1714271506 	0.1714271506 	4.029e-01 	
1705 	0.1713906599 	0.1713906599 	4.030e-01 	
423 	0.1714628181 	0.1714628181 	4.028e-01 	
1674 	0.1716446599 	0.1716446599 	4.024e-01 	
1013 	0.1715614677 	0.1715614677 	4.026e-01 	
374 	0.1722934036 	0.1722934036 	4.010e-01 	
2 	0.173280315 	0.173280315 	3.989e-01 	
1339 	0.1739591189 	0.1739591189 	3.975e-01 	
103 	0.1740323498 	0.1740323498 	3.974e-01 	
177 	0.1734503218 	0.1734503218 	3.986e-01 	
1143 	0.1745453068 	0.1745453068 	3.963e-01 	
768 	0.1745109139 	0.1745109139 	3.964e-01 	
1347 	0.1743379562 	0.1743379562 	3.967e-01 	
1384 	0.1750078508 	0.1750078508 	3.953e-01 	
459 	0.1753253341 	0.1753253341 	3.946e-01 	
1710 	0.1755249717 	0.1755249717 	3.942e-01 	
1293 	0.1756517738 	0.1756517738 	3.940e-01 	
395 	0.1758392187 	0.1758392187 	3.936e-01 	
51 	0.175986913 	0.175986913 	3.933e-01 	
401 	0.1764965342 	0.1764965342 	3.922e-01 	
124 	0.1768113809 	0.1768113809 	3.915e-01 	
11 	0.1771274491 	0.1771274491 	3.909e-01 	
1060 	0.1774122504 	0.1774122504 	3.903e-01 	
1555 	0.1784945801 	0.1784945801 	3.881e-01 	
221 	0.1785789754 	0.1785789754 	3.879e-01 	
515 	0.1788594684 	0.1788594684 	3.873e-01 	
1157 	0.1804007398 	0.1804007398 	3.842e-01 	
977 	0.1801680426 	0.1801680426 	3.846e-01 	
489 	0.1807462625 	0.1807462625 	3.835e-01 	
1537 	0.1797259952 	0.1797259952 	3.855e-01 	
1797 	0.1815353313 	0.1815353313 	3.819e-01 	
1642 	0.1820770678 	0.1820770678 	3.808e-01 	
702 	0.1819242582 	0.1819242582 	3.811e-01 	
1313 	0.1822765946 	0.1822765946 	3.804e-01 	
1730 	0.1837792202 	0.1837792202 	3.773e-01 	
1444 	0.1838699765 	0.1838699765 	3.772e-01 	
760 	0.1841374877 	0.1841374877 	3.766e-01 	
1832 	0.1847754233 	0.1847754233 	3.754e-01 	
349 	0.1847886791 	0.1847886791 	3.753e-01 	
1508 	0.1852340725 	0.1852340725 	3.744e-01 	
1020 	0.1856078096 	0.1856078096 	3.737e-01 	
146 	0.1860366755 	0.1860366755 	3.729e-01 	
1451 	0.186234626 	0.186234626 	3.725e-01 	
1229 	0.1872799566 	0.1872799566 	3.704e-01 	
1902 	0.1875620583 	0.1875620583 	3.698e-01 	
1823 	0.1878005807 	0.1878005807 	3.694e-01 	
52 	0.1873397248 	0.1873397248 	3.703e-01 	
572 	0.1877277403 	0.1877277403 	3.695e-01 	
725 	0.1885886653 	0.1885886653 	3.678e-01 	
1463 	0.1880343365 	0.1880343365 	3.689e-01 	
12 	0.1886447889 	0.1886447889 	3.677e-01 	
472 	0.1888748259 	0.1888748259 	3.673e-01 	
95 	0.1902527527 	0.1902527527 	3.646e-01 	
319 	0.1901480061 	0.1901480061 	3.648e-01 	
182 	0.1904876139 	0.1904876139 	3.642e-01 	
1999 	0.1910629411 	0.1910629411 	3.630e-01 	
1414 	0.1913896151 	0.1913896151 	3.624e-01 	
1733 	0.19243176 	0.19243176 	3.604e-01 	
1663 	0.1917405024 	0.1917405024 	3.617e-01 	
1649 	0.192468036 	0.192468036 	3.603e-01 	
1190 	0.1929879944 	0.1929879944 	3.594e-01 	
536 	0.1929949601 	0.1929949601 	3.593e-01 	
105 	0.194373101 	0.194373101 	3.567e-01 	
1761 	0.1933264334 	0.1933264334 	3.587e-01 	
1908 	0.1945374354 	0.1945374354 	3.564e-01 	
1775 	0.1943856054 	0.1943856054 	3.567e-01 	
1962 	0.1946801432 	0.1946801432 	3.561e-01 	
1302 	0.1948253745 	0.1948253745 	3.559e-01 	
257 	0.1948475699 	0.1948475699 	3.558e-01 	
1580 	0.1950401819 	0.1950401819 	3.555e-01 	
1879 	0.1960800208 	0.1960800208 	3.535e-01 	
1948 	0.1954515041 	0.1954515041 	3.547e-01 	
1092 	0.1949618973 	0.1949618973 	3.556e-01 	
1939 	0.1960862292 	0.1960862292 	3.535e-01 	
570 	0.1962718638 	0.1962718638 	3.532e-01 	
191 	0.1966490288 	0.1966490288 	3.524e-01 	
869 	0.1970393262 	0.1970393262 	3.517e-01 	
648 	0.1967044364 	0.1967044364 	3.523e-01 	
1168 	0.1972701531 	0.1972701531 	3.513e-01 	
94 	0.1973383914 	0.1973383914 	3.512e-01 	
909 	0.1977869548 	0.1977869548 	3.503e-01 	
1059 	0.1982607125 	0.1982607125 	3.494e-01 	
1528 	0.1980850364 	0.1980850364 	3.498e-01 	
1182 	0.1988396096 	0.1988396096 	3.484e-01 	
189 	0.1989172858 	0.1989172858 	3.482e-01 	
114 	0.1994156596 	0.1994156596 	3.473e-01 	
786 	0.199502176 	0.199502176 	3.472e-01 	
1052 	0.2008719881 	0.2008719881 	3.446e-01 	
25 	0.1996041883 	0.1996041883 	3.470e-01 	
39 	0.2003202177 	0.2003202177 	3.457e-01 	
824 	0.2010067159 	0.2010067159 	3.444e-01 	
1562 	0.2011136107 	0.2011136107 	3.442e-01 	
1051 	0.2016554456 	0.2016554456 	3.432e-01 	
1810 	0.2020043111 	0.2020043111 	3.426e-01 	
831 	0.2022620358 	0.2022620358 	3.421e-01 	
1031 	0.2023614402 	0.2023614402 	3.419e-01 	
1808 	0.2028619436 	0.2028619436 	3.410e-01 	
1097 	0.2034750062 	0.2034750062 	3.399e-01 	
825 	0.203478369 	0.203478369 	3.399e-01 	
47 	0.2035480082 	0.2035480082 	3.398e-01 	
1312 	0.2037924173 	0.2037924173 	3.393e-01 	
1920 	0.2039407995 	0.2039407995 	3.391e-01 	
408 	0.2047232003 	0.2047232003 	3.377e-01 	
859 	0.2048616537 	0.2048616537 	3.374e-01 	
1906 	0.2049053046 	0.2049053046 	3.373e-01 	
782 	0.2048992305 	0.2048992305 	3.374e-01 	
1838 	0.2052257287 	0.2052257287 	3.368e-01 	
262 	0.2052162453 	0.2052162453 	3.368e-01 	
176 	0.2058199265 	0.2058199265 	3.357e-01 	
1985 	0.2058787439 	0.2058787439 	3.356e-01 	
1377 	0.2057743131 	0.2057743131 	3.358e-01 	
473 	0.2059486408 	0.2059486408 	3.355e-01 	
1553 	0.2064043704 	0.2064043704 	3.347e-01 	
1778 	0.2076343102 	0.2076343102 	3.325e-01 	
1415 	0.206396867 	0.206396867 	3.347e-01 	
614 	0.2076318217 	0.2076318217 	3.325e-01 	
1542 	0.2075014125 	0.2075014125 	3.327e-01 	
1103 	0.2079332129 	0.2079332129 	3.320e-01 	
847 	0.2081153485 	0.2081153485 	3.317e-01 	
1984 	0.2083237061 	0.2083237061 	3.313e-01 	
1269 	0.206115177 	0.206115177 	3.352e-01 	
1909 	0.208371545 	0.208371545 	3.312e-01 	
1535 	0.208400424 	0.208400424 	3.312e-01 	
937 	0.2085490417 	0.2085490417 	3.309e-01 	
1872 	0.2086661513 	0.2086661513 	3.307e-01 	
156 	0.2087856888 	0.2087856888 	3.305e-01 	
227 	0.2089758243 	0.2089758243 	3.301e-01 	
1001 	0.2092781566 	0.2092781566 	3.296e-01 	
1556 	0.2094600958 	0.2094600958 	3.293e-01 	
1719 	0.2101651605 	0.2101651605 	3.281e-01 	
1248 	0.2104659998 	0.2104659998 	3.275e-01 	
236 	0.2104575074 	0.2104575074 	3.276e-01 	
889 	0.210478112 	0.210478112 	3.275e-01 	
388 	0.2105491899 	0.2105491899 	3.274e-01 	
1405 	0.2106346626 	0.2106346626 	3.273e-01 	
731 	0.2110507294 	0.2110507294 	3.265e-01 	
654 	0.2112233199 	0.2112233199 	3.262e-01 	
571 	0.2112943099 	0.2112943099 	3.261e-01 	
947 	0.2114174632 	0.2114174632 	3.259e-01 	
1290 	0.2117256731 	0.2117256731 	3.254e-01 	
1125 	0.2117445818 	0.2117445818 	3.253e-01 	
749 	0.2123268881 	0.2123268881 	3.243e-01 	
908 	0.2125956255 	0.2125956255 	3.239e-01 	
724 	0.2126991835 	0.2126991835 	3.237e-01 	
1045 	0.2127949981 	0.2127949981 	3.235e-01 	
19 	0.2129933869 	0.2129933869 	3.232e-01 	
1581 	0.2130460804 	0.2130460804 	3.231e-01 	
1817 	0.213274569 	0.213274569 	3.227e-01 	
1203 	0.213645778 	0.213645778 	3.221e-01 	
446 	0.2138046824 	0.2138046824 	3.218e-01 	
1955 	0.2140208754 	0.2140208754 	3.214e-01 	
1688 	0.2142805651 	0.2142805651 	3.210e-01 	
1651 	0.2146492348 	0.2146492348 	3.204e-01 	
434 	0.214282579 	0.214282579 	3.210e-01 	
1723 	0.214623515 	0.214623515 	3.204e-01 	
992 	0.2147179041 	0.2147179041 	3.202e-01 	
1822 	0.2146732035 	0.2146732035 	3.203e-01 	
919 	0.2149076674 	0.2149076674 	3.199e-01 	
986 	0.2152319864 	0.2152319864 	3.194e-01 	
1645 	0.2152884283 	0.2152884283 	3.193e-01 	
525 	0.2155265151 	0.2155265151 	3.189e-01 	
362 	0.2153289657 	0.2153289657 	3.192e-01 	
1780 	0.2153529739 	0.2153529739 	3.192e-01 	
683 	0.2149504221 	0.2149504221 	3.198e-01 	
443 	0.2154615661 	0.2154615661 	3.190e-01 	
364 	0.2155221899 	0.2155221899 	3.189e-01 	
1354 	0.2159861797 	0.2159861797 	3.181e-01 	
609 	0.2167860113 	0.2167860113 	3.167e-01 	
5 	0.2169486356 	0.2169486356 	3.165e-01 	
1695 	0.2160555013 	0.2160555013 	3.180e-01 	
776 	0.2172222501 	0.2172222501 	3.160e-01 	
1429 	0.2171813581 	0.2171813581 	3.161e-01 	
1038 	0.2173868787 	0.2173868787 	3.157e-01 	
1815 	0.2174771091 	0.2174771091 	3.156e-01 	
365 	0.2184337093 	0.2184337093 	3.140e-01 	
1786 	0.2187651935 	0.2187651935 	3.134e-01 	
23 	0.2177491943 	0.2177491943 	3.151e-01 	
1991 	0.2186559515 	0.2186559515 	3.136e-01 	
264 	0.2186918355 	0.2186918355 	3.136e-01 	
998 	0.2182515933 	0.2182515933 	3.143e-01 	
1428 	0.219781812 	0.219781812 	3.118e-01 	
898 	0.2199973084 	0.2199973084 	3.114e-01 	
206 	0.2198105164 	0.2198105164 	3.117e-01 	
117 	0.218854684 	0.218854684 	3.133e-01 	
534 	0.2194896398 	0.2194896398 	3.122e-01 	
207 	0.2195760556 	0.2195760556 	3.121e-01 	
699 	0.2208118759 	0.2208118759 	3.101e-01 	
660 	0.220160605 	0.220160605 	3.111e-01 	
1276 	0.2210582838 	0.2210582838 	3.097e-01 	
1498 	0.2207085427 	0.2207085427 	3.102e-01 	
522 	0.2212377664 	0.2212377664 	3.094e-01 	
1568 	0.2203549654 	0.2203549654 	3.108e-01 	
1219 	0.2214379358 	0.2214379358 	3.090e-01 	
1164 	0.2214739457 	0.2214739457 	3.090e-01 	
1434 	0.2218557981 	0.2218557981 	3.083e-01 	
580 	0.2218583502 	0.2218583502 	3.083e-01 	
1042 	0.2219885081 	0.2219885081 	3.081e-01 	
30 	0.2215226362 	0.2215226362 	3.089e-01 	
431 	0.2223852877 	0.2223852877 	3.075e-01 	
775 	0.2226320491 	0.2226320491 	3.071e-01 	
682 	0.2229722135 	0.2229722135 	3.065e-01 	
544 	0.2230829958 	0.2230829958 	3.063e-01 	
646 	0.222133327 	0.222133327 	3.079e-01 	
1681 	0.2236876397 	0.2236876397 	3.054e-01 	
962 	0.2234448568 	0.2234448568 	3.058e-01 	
729 	0.2241301109 	0.2241301109 	3.046e-01 	
1668 	0.2241851772 	0.2241851772 	3.046e-01 	
163 	0.2242455128 	0.2242455128 	3.045e-01 	
1725 	0.2232459106 	0.2232459106 	3.061e-01 	
1795 	0.224953859 	0.224953859 	3.033e-01 	
1174 	0.2254320433 	0.2254320433 	3.026e-01 	
369 	0.225889688 	0.225889688 	3.018e-01 	
744 	0.2259831089 	0.2259831089 	3.017e-01 	
247 	0.2259831487 	0.2259831487 	3.017e-01 	
887 	0.2260352618 	0.2260352618 	3.016e-01 	
1332 	0.2263407502 	0.2263407502 	3.011e-01 	
1794 	0.2264504503 	0.2264504503 	3.009e-01 	
170 	0.2267730565 	0.2267730565 	3.004e-01 	
1739 	0.2270520717 	0.2270520717 	3.000e-01 	
115 	0.2270018364 	0.2270018364 	3.000e-01 	
1753 	0.2271735696 	0.2271735696 	2.998e-01 	
1416 	0.2275539106 	0.2275539106 	2.992e-01 	
1564 	0.2283641865 	0.2283641865 	2.979e-01 	
1375 	0.2277214856 	0.2277214856 	2.989e-01 	
1521 	0.2276619055 	0.2276619055 	2.990e-01 	
604 	0.2274134424 	0.2274134424 	2.994e-01 	
282 	0.2278214072 	0.2278214072 	2.987e-01 	
1654 	0.2290648944 	0.2290648944 	2.968e-01 	
1150 	0.2286839623 	0.2286839623 	2.974e-01 	
32 	0.2287223723 	0.2287223723 	2.973e-01 	
973 	0.2287039455 	0.2287039455 	2.973e-01 	
461 	0.2284297424 	0.2284297424 	2.978e-01 	
1701 	0.229480948 	0.229480948 	2.961e-01 	
637 	0.2289378155 	0.2289378155 	2.970e-01 	
616 	0.2295607627 	0.2295607627 	2.960e-01 	
1643 	0.2301215297 	0.2301215297 	2.951e-01 	
110 	0.2300159917 	0.2300159917 	2.953e-01 	
1241 	0.2297206341 	0.2297206341 	2.958e-01 	
1116 	0.2306200402 	0.2306200402 	2.943e-01 	
137 	0.2306357688 	0.2306357688 	2.943e-01 	
1457 	0.2303882092 	0.2303882092 	2.947e-01 	
741 	0.230972029 	0.230972029 	2.938e-01 	
488 	0.2301833485 	0.2301833485 	2.950e-01 	
128 	0.2310367031 	0.2310367031 	2.937e-01 	
1887 	0.231167204 	0.231167204 	2.935e-01 	
107 	0.2312277554 	0.2312277554 	2.934e-01 	
1844 	0.2312984705 	0.2312984705 	2.933e-01 	
1714 	0.2316607899 	0.2316607899 	2.927e-01 	
1297 	0.2318020404 	0.2318020404 	2.925e-01 	
328 	0.2322082302 	0.2322082302 	2.919e-01 	
226 	0.2319830584 	0.2319830584 	2.922e-01 	
695 	0.2323013185 	0.2323013185 	2.917e-01 	
1145 	0.2322320886 	0.2322320886 	2.918e-01 	
165 	0.2326643387 	0.2326643387 	2.912e-01 	
1080 	0.232557642 	0.232557642 	2.913e-01 	
1067 	0.2325297348 	0.2325297348 	2.914e-01 	
1136 	0.2330485098 	0.2330485098 	2.906e-01 	
129 	0.2328875099 	0.2328875099 	2.908e-01 	
1897 	0.2330350888 	0.2330350888 	2.906e-01 	
1144 	0.2332927298 	0.2332927298 	2.902e-01 	
275 	0.2334937198 	0.2334937198 	2.899e-01 	
1283 	0.2336249459 	0.2336249459 	2.897e-01 	
193 	0.2333265515 	0.2333265515 	2.901e-01 	
1895 	0.2331866142 	0.2331866142 	2.904e-01 	
397 	0.2333378929 	0.2333378929 	2.901e-01 	
851 	0.2337028553 	0.2337028553 	2.896e-01 	
1030 	0.2338713886 	0.2338713886 	2.893e-01 	
866 	0.2340146952 	0.2340146952 	2.891e-01 	
183 	0.2340719196 	0.2340719196 	2.890e-01 	
486 	0.2340871832 	0.2340871832 	2.890e-01 	
495 	0.234308328 	0.234308328 	2.886e-01 	
1519 	0.2315200605 	0.2315200605 	2.929e-01 	
1474 	0.2344123706 	0.2344123706 	2.885e-01 	
383 	0.2347763188 	0.2347763188 	2.879e-01 	
211 	0.2347434421 	0.2347434421 	2.880e-01 	
274 	0.2348181288 	0.2348181288 	2.879e-01 	
1615 	0.2348534084 	0.2348534084 	2.878e-01 	
1396 	0.2349370721 	0.2349370721 	2.877e-01 	
1565 	0.2350060776 	0.2350060776 	2.876e-01 	
1470 	0.2351295518 	0.2351295518 	2.874e-01 	
1360 	0.2354585146 	0.2354585146 	2.869e-01 	
790 	0.235266148 	0.235266148 	2.872e-01 	
1889 	0.2356505339 	0.2356505339 	2.866e-01 	
934 	0.2356721493 	0.2356721493 	2.866e-01 	
943 	0.2360580715 	0.2360580715 	2.860e-01 	
1983 	0.2361065025 	0.2361065025 	2.859e-01 	
430 	0.2358634007 	0.2358634007 	2.863e-01 	
140 	0.2365543961 	0.2365543961 	2.852e-01 	
347 	0.237432672 	0.237432672 	2.839e-01 	
1006 	0.2367886876 	0.2367886876 	2.849e-01 	
1750 	0.2373336173 	0.2373336173 	2.840e-01 	
1958 	0.2374621463 	0.2374621463 	2.839e-01 	
64 	0.2377053105 	0.2377053105 	2.835e-01 	
1141 	0.2362307992 	0.2362307992 	2.857e-01 	
1123 	0.236551415 	0.236551415 	2.852e-01 	
685 	0.2364909548 	0.2364909548 	2.853e-01 	
1620 	0.2365344366 	0.2365344366 	2.853e-01 	
912 	0.2376454283 	0.2376454283 	2.836e-01 	
740 	0.2363673197 	0.2363673197 	2.855e-01 	
1311 	0.2363652049 	0.2363652049 	2.855e-01 	
1982 	0.2367814015 	0.2367814015 	2.849e-01 	
705 	0.2377994769 	0.2377994769 	2.833e-01 	
920 	0.2380516987 	0.2380516987 	2.830e-01 	
1007 	0.2385141432 	0.2385141432 	2.823e-01 	
777 	0.238723917 	0.238723917 	2.820e-01 	
425 	0.2388267573 	0.2388267573 	2.818e-01 	
1592 	0.238895023 	0.238895023 	2.817e-01 	
1703 	0.2392484123 	0.2392484123 	2.812e-01 	
1202 	0.2393734399 	0.2393734399 	2.810e-01 	
1340 	0.2394476088 	0.2394476088 	2.809e-01 	
1246 	0.2393020218 	0.2393020218 	2.811e-01 	
356 	0.2399990828 	0.2399990828 	2.801e-01 	
795 	0.2392055384 	0.2392055384 	2.812e-01 	
804 	0.2403732411 	0.2403732411 	2.795e-01 	
1916 	0.2401145459 	0.2401145459 	2.799e-01 	
1859 	0.2404368804 	0.2404368804 	2.794e-01 	
386 	0.240792945 	0.240792945 	2.789e-01 	
422 	0.2411107513 	0.2411107513 	2.784e-01 	
453 	0.2412048412 	0.2412048412 	2.783e-01 	
983 	0.2412977347 	0.2412977347 	2.781e-01 	
1437 	0.241473085 	0.241473085 	2.779e-01 	
1941 	0.2416415589 	0.2416415589 	2.776e-01 	
458 	0.241559554 	0.241559554 	2.778e-01 	
1398 	0.2420180571 	0.2420180571 	2.771e-01 	
283 	0.2424450286 	0.2424450286 	2.765e-01 	
1402 	0.2422250458 	0.2422250458 	2.768e-01 	
1803 	0.2422435535 	0.2422435535 	2.767e-01 	
214 	0.2428149876 	0.2428149876 	2.759e-01 	
1493 	0.243392442 	0.243392442 	2.751e-01 	
1634 	0.2426138932 	0.2426138932 	2.762e-01 	
96 	0.2438403456 	0.2438403456 	2.744e-01 	
1255 	0.2439362433 	0.2439362433 	2.743e-01 	
1211 	0.2426923513 	0.2426923513 	2.761e-01 	
817 	0.2439705128 	0.2439705128 	2.742e-01 	
1210 	0.244027599 	0.244027599 	2.741e-01 	
300 	0.2441703142 	0.2441703142 	2.739e-01 	
1479 	0.2441730174 	0.2441730174 	2.739e-01 	
56 	0.2445711289 	0.2445711289 	2.734e-01 	
942 	0.2447900967 	0.2447900967 	2.730e-01 	
508 	0.2448828791 	0.2448828791 	2.729e-01 	
1802 	0.244945755 	0.244945755 	2.728e-01 	
1285 	0.2450328751 	0.2450328751 	2.727e-01 	
1819 	0.2455068094 	0.2455068094 	2.720e-01 	
710 	0.2454976803 	0.2454976803 	2.720e-01 	
713 	0.2456215838 	0.2456215838 	2.718e-01 	
1213 	0.2463686225 	0.2463686225 	2.708e-01 	
450 	0.2455530362 	0.2455530362 	2.719e-01 	
1205 	0.2455730904 	0.2455730904 	2.719e-01 	
1526 	0.246058815 	0.246058815 	2.712e-01 	
1355 	0.2455792857 	0.2455792857 	2.719e-01 	
971 	0.2462921869 	0.2462921869 	2.709e-01 	
901 	0.2453279645 	0.2453279645 	2.723e-01 	
266 	0.245187622 	0.245187622 	2.725e-01 	
1177 	0.2465518925 	0.2465518925 	2.705e-01 	
1864 	0.2467137757 	0.2467137757 	2.703e-01 	
1209 	0.246523138 	0.246523138 	2.705e-01 	
76 	0.2467349498 	0.2467349498 	2.702e-01 	
17 	0.2463782741 	0.2463782741 	2.707e-01 	
945 	0.2468386159 	0.2468386159 	2.701e-01 	
718 	0.2468283665 	0.2468283665 	2.701e-01 	
876 	0.2470010313 	0.2470010313 	2.699e-01 	
1187 	0.2477308127 	0.2477308127 	2.688e-01 	
1191 	0.2470594703 	0.2470594703 	2.698e-01 	
143 	0.2471268317 	0.2471268317 	2.697e-01 	
832 	0.2464290001 	0.2464290001 	2.707e-01 	
1368 	0.2469838968 	0.2469838968 	2.699e-01 	
1217 	0.2473952727 	0.2473952727 	2.693e-01 	
1992 	0.247738652 	0.247738652 	2.688e-01 	
1974 	0.2477424906 	0.2477424906 	2.688e-01 	
1977 	0.2477927037 	0.2477927037 	2.687e-01 	
1584 	0.2481689944 	0.2481689944 	2.682e-01 	
1676 	0.2484826249 	0.2484826249 	2.677e-01 	
787 	0.2487011941 	0.2487011941 	2.674e-01 	
215 	0.2485804856 	0.2485804856 	2.676e-01 	
629 	0.2496692149 	0.2496692149 	2.661e-01 	
858 	0.2497862756 	0.2497862756 	2.659e-01 	
812 	0.2479350445 	0.2479350445 	2.685e-01 	
68 	0.2477725895 	0.2477725895 	2.688e-01 	
1635 	0.2498426304 	0.2498426304 	2.658e-01 	
417 	0.2498463416 	0.2498463416 	2.658e-01 	
840 	0.2501651454 	0.2501651454 	2.654e-01 	
1105 	0.2509401633 	0.2509401633 	2.643e-01 	
1346 	0.2504359165 	0.2504359165 	2.650e-01 	
1969 	0.2513851151 	0.2513851151 	2.637e-01 	
1256 	0.2499217752 	0.2499217752 	2.657e-01 	
1266 	0.2510913213 	0.2510913213 	2.641e-01 	
1233 	0.2513896411 	0.2513896411 	2.636e-01 	
40 	0.2514123282 	0.2514123282 	2.636e-01 	
674 	0.2516572013 	0.2516572013 	2.633e-01 	
1545 	0.2519839398 	0.2519839398 	2.628e-01 	
675 	0.25205632 	0.25205632 	2.627e-01 	
377 	0.2521419957 	0.2521419957 	2.626e-01 	
9 	0.251486437 	0.251486437 	2.635e-01 	
635 	0.2523615455 	0.2523615455 	2.623e-01 	
148 	0.2522148614 	0.2522148614 	2.625e-01 	
1684 	0.2525324082 	0.2525324082 	2.621e-01 	
769 	0.2525103432 	0.2525103432 	2.621e-01 	
746 	0.2524168216 	0.2524168216 	2.622e-01 	
1133 	0.2528229314 	0.2528229314 	2.616e-01 	
168 	0.2528510045 	0.2528510045 	2.616e-01 	
1131 	0.2529387611 	0.2529387611 	2.615e-01 	
1501 	0.252921308 	0.252921308 	2.615e-01 	
1108 	0.2525736029 	0.2525736029 	2.620e-01 	
1324 	0.2529694385 	0.2529694385 	2.614e-01 	
1408 	0.2531218851 	0.2531218851 	2.612e-01 	
621 	0.2531906365 	0.2531906365 	2.611e-01 	
292 	0.2532834047 	0.2532834047 	2.610e-01 	
627 	0.2534243405 	0.2534243405 	2.608e-01 	
677 	0.2535291546 	0.2535291546 	2.607e-01 	
752 	0.2535424107 	0.2535424107 	2.607e-01 	
1072 	0.2537974344 	0.2537974344 	2.603e-01 	
1628 	0.2539017663 	0.2539017663 	2.602e-01 	
965 	0.2539070676 	0.2539070676 	2.601e-01 	
1303 	0.2543304723 	0.2543304723 	2.596e-01 	
201 	0.2543733256 	0.2543733256 	2.595e-01 	
1238 	0.2544616402 	0.2544616402 	2.594e-01 	
690 	0.2545123562 	0.2545123562 	2.593e-01 	
791 	0.2552338349 	0.2552338349 	2.583e-01 	
732 	0.255385634 	0.255385634 	2.581e-01 	
469 	0.2554171027 	0.2554171027 	2.581e-01 	
173 	0.2548992451 	0.2548992451 	2.588e-01 	
1852 	0.2555271991 	0.2555271991 	2.579e-01 	
1758 	0.2555502428 	0.2555502428 	2.579e-01 	
1394 	0.2554893561 	0.2554893561 	2.580e-01 	
1722 	0.2556314783 	0.2556314783 	2.578e-01 	
559 	0.2557949952 	0.2557949952 	2.576e-01 	
1656 	0.2561922676 	0.2561922676 	2.570e-01 	
1551 	0.2560699246 	0.2560699246 	2.572e-01 	
1291 	0.2561485336 	0.2561485336 	2.571e-01 	
1094 	0.2563008437 	0.2563008437 	2.569e-01 	
1637 	0.2563134241 	0.2563134241 	2.568e-01 	
970 	0.2564717653 	0.2564717653 	2.566e-01 	
1321 	0.2573503351 	0.2573503351 	2.554e-01 	
1846 	0.2569091366 	0.2569091366 	2.560e-01 	
102 	0.2566144243 	0.2566144243 	2.564e-01 	
542 	0.2565344914 	0.2565344914 	2.565e-01 	
886 	0.2565370238 	0.2565370238 	2.565e-01 	
1275 	0.2565162299 	0.2565162299 	2.566e-01 	
1362 	0.2573123834 	0.2573123834 	2.555e-01 	
546 	0.2580799816 	0.2580799816 	2.545e-01 	
1264 	0.2581220749 	0.2581220749 	2.544e-01 	
471 	0.2581289508 	0.2581289508 	2.544e-01 	
1573 	0.2582113967 	0.2582113967 	2.543e-01 	
235 	0.2582772826 	0.2582772826 	2.542e-01 	
1367 	0.2582838545 	0.2582838545 	2.542e-01 	
588 	0.2583032493 	0.2583032493 	2.542e-01 	
1779 	0.2583182799 	0.2583182799 	2.541e-01 	
480 	0.2586344131 	0.2586344131 	2.537e-01 	
548 	0.2584427752 	0.2584427752 	2.540e-01 	
86 	0.258345393 	0.258345393 	2.541e-01 	
171 	0.2587818135 	0.2587818135 	2.535e-01 	
565 	0.2588559768 	0.2588559768 	2.534e-01 	
668 	0.2588555932 	0.2588555932 	2.534e-01 	
464 	0.2589506722 	0.2589506722 	2.533e-01 	
641 	0.2604068571 	0.2604068571 	2.513e-01 	
1054 	0.2589693046 	0.2589693046 	2.533e-01 	
1462 	0.2593226085 	0.2593226085 	2.528e-01 	
1305 	0.2603017701 	0.2603017701 	2.515e-01 	
13 	0.2601621666 	0.2601621666 	2.517e-01 	
22 	0.2595399388 	0.2595399388 	2.525e-01 	
1717 	0.2595841357 	0.2595841357 	2.524e-01 	
1466 	0.2605465789 	0.2605465789 	2.511e-01 	
198 	0.2605805354 	0.2605805354 	2.511e-01 	
251 	0.2606986313 	0.2606986313 	2.509e-01 	
219 	0.2606876816 	0.2606876816 	2.510e-01 	
1557 	0.2606755122 	0.2606755122 	2.510e-01 	
1614 	0.2617056628 	0.2617056628 	2.496e-01 	
1465 	0.2617339194 	0.2617339194 	2.496e-01 	
748 	0.2618284331 	0.2618284331 	2.494e-01 	
1282 	0.2619873838 	0.2619873838 	2.492e-01 	
1550 	0.2624138527 	0.2624138527 	2.487e-01 	
655 	0.2620685057 	0.2620685057 	2.491e-01 	
123 	0.2624011859 	0.2624011859 	2.487e-01 	
1788 	0.2624782463 	0.2624782463 	2.486e-01 	
514 	0.2608998145 	0.2608998145 	2.507e-01 	
929 	0.26236658 	0.26236658 	2.487e-01 	
874 	0.2626133361 	0.2626133361 	2.484e-01 	
1740 	0.262552843 	0.262552843 	2.485e-01 	
1880 	0.2627968522 	0.2627968522 	2.482e-01 	
517 	0.2628523706 	0.2628523706 	2.481e-01 	
162 	0.2626281364 	0.2626281364 	2.484e-01 	
1127 	0.262689002 	0.262689002 	2.483e-01 	
1069 	0.2629907694 	0.2629907694 	2.479e-01 	
552 	0.2629993951 	0.2629993951 	2.479e-01 	
615 	0.2628689949 	0.2628689949 	2.481e-01 	
1089 	0.2630068679 	0.2630068679 	2.479e-01 	
1268 	0.2632667274 	0.2632667274 	2.476e-01 	
1220 	0.2632858019 	0.2632858019 	2.475e-01 	
61 	0.2633049636 	0.2633049636 	2.475e-01 	
212 	0.2637784227 	0.2637784227 	2.469e-01 	
1468 	0.2634753381 	0.2634753381 	2.473e-01 	
1757 	0.2637169029 	0.2637169029 	2.470e-01 	
1183 	0.2633796004 	0.2633796004 	2.474e-01 	
122 	0.2638208683 	0.2638208683 	2.468e-01 	
797 	0.2634775721 	0.2634775721 	2.473e-01 	
1390 	0.2642276314 	0.2642276314 	2.463e-01 	
562 	0.2643495073 	0.2643495073 	2.461e-01 	
263 	0.264305284 	0.264305284 	2.462e-01 	
606 	0.2642786791 	0.2642786791 	2.462e-01 	
1452 	0.2668366847 	0.2668366847 	2.429e-01 	
739 	0.2669500264 	0.2669500264 	2.428e-01 	
277 	0.2672744194 	0.2672744194 	2.423e-01 	
1928 	0.2666289264 	0.2666289264 	2.432e-01 	
338 	0.2652024535 	0.2652024535 	2.450e-01 	
325 	0.2647294935 	0.2647294935 	2.456e-01 	
1309 	0.2657035045 	0.2657035045 	2.444e-01 	
878 	0.2653111298 	0.2653111298 	2.449e-01 	
1931 	0.2653133889 	0.2653133889 	2.449e-01 	
327 	0.2665592956 	0.2665592956 	2.433e-01 	
375 	0.2668259775 	0.2668259775 	2.429e-01 	
1227 	0.2667669779 	0.2667669779 	2.430e-01 	
320 	0.2639095995 	0.2639095995 	2.467e-01 	
484 	0.2659329056 	0.2659329056 	2.441e-01 	
184 	0.2654311257 	0.2654311257 	2.447e-01 	
1082 	0.2674016689 	0.2674016689 	2.422e-01 	
1745 	0.2653433991 	0.2653433991 	2.448e-01 	
1963 	0.2675092223 	0.2675092223 	2.420e-01 	
1913 	0.2676942232 	0.2676942232 	2.418e-01 	
248 	0.2677746697 	0.2677746697 	2.417e-01 	
881 	0.2677852488 	0.2677852488 	2.417e-01 	
1731 	0.2678058832 	0.2678058832 	2.417e-01 	
716 	0.2679379518 	0.2679379518 	2.415e-01 	
1491 	0.2681004008 	0.2681004008 	2.413e-01 	
932 	0.2684018071 	0.2684018071 	2.409e-01 	
1589 	0.2684736974 	0.2684736974 	2.408e-01 	
1885 	0.2685237848 	0.2685237848 	2.407e-01 	
1894 	0.2686275141 	0.2686275141 	2.406e-01 	
1814 	0.26873595 	0.26873595 	2.405e-01 	
1327 	0.2679917933 	0.2679917933 	2.414e-01 	
1715 	0.268811191 	0.268811191 	2.404e-01 	
1472 	0.2688226703 	0.2688226703 	2.404e-01 	
703 	0.2688455608 	0.2688455608 	2.403e-01 	
1662 	0.2689313819 	0.2689313819 	2.402e-01 	
1490 	0.2688581456 	0.2688581456 	2.403e-01 	
585 	0.269151055 	0.269151055 	2.399e-01 	
341 	0.2691334463 	0.2691334463 	2.400e-01 	
136 	0.2690059741 	0.2690059741 	2.401e-01 	
1680 	0.2692830029 	0.2692830029 	2.398e-01 	
1516 	0.2693809556 	0.2693809556 	2.397e-01 	
801 	0.2695915876 	0.2695915876 	2.394e-01 	
1025 	0.2695735651 	0.2695735651 	2.394e-01 	
70 	0.271281434 	0.271281434 	2.372e-01 	
1436 	0.2712539774 	0.2712539774 	2.373e-01 	
357 	0.2703864006 	0.2703864006 	2.384e-01 	
1809 	0.2705831596 	0.2705831596 	2.381e-01 	
896 	0.2702361823 	0.2702361823 	2.386e-01 	
1712 	0.270264297 	0.270264297 	2.385e-01 	
313 	0.2697242994 	0.2697242994 	2.392e-01 	
1066 	0.2697000547 	0.2697000547 	2.392e-01 	
984 	0.2696370287 	0.2696370287 	2.393e-01 	
1137 	0.2697929835 	0.2697929835 	2.391e-01 	
1151 	0.270719085 	0.270719085 	2.380e-01 	
617 	0.2709202701 	0.2709202701 	2.377e-01 	
1696 	0.2710117713 	0.2710117713 	2.376e-01 	
822 	0.2711211373 	0.2711211373 	2.375e-01 	
1142 	0.2711433628 	0.2711433628 	2.374e-01 	
601 	0.2697985035 	0.2697985035 	2.391e-01 	
1547 	0.2713698591 	0.2713698591 	2.371e-01 	
527 	0.2699149571 	0.2699149571 	2.390e-01 	
1471 	0.271513838 	0.271513838 	2.370e-01 	
454 	0.2715460112 	0.2715460112 	2.369e-01 	
125 	0.2713990159 	0.2713990159 	2.371e-01 	
622 	0.2715858974 	0.2715858974 	2.369e-01 	
816 	0.2716780045 	0.2716780045 	2.368e-01 	
1000 	0.2716504105 	0.2716504105 	2.368e-01 	
723 	0.2713550339 	0.2713550339 	2.372e-01 	
794 	0.2722585989 	0.2722585989 	2.360e-01 	
1825 	0.2721017251 	0.2721017251 	2.362e-01 	
354 	0.2726448003 	0.2726448003 	2.355e-01 	
1543 	0.2720624566 	0.2720624566 	2.363e-01 	
1120 	0.2729492554 	0.2729492554 	2.352e-01 	
153 	0.2724310966 	0.2724310966 	2.358e-01 	
228 	0.2730144358 	0.2730144358 	2.351e-01 	
1271 	0.2730370345 	0.2730370345 	2.351e-01 	
1156 	0.2730353425 	0.2730353425 	2.351e-01 	
1365 	0.2732867248 	0.2732867248 	2.347e-01 	
1385 	0.2735183168 	0.2735183168 	2.345e-01 	
979 	0.2735554578 	0.2735554578 	2.344e-01 	
400 	0.2736307901 	0.2736307901 	2.343e-01 	
1337 	0.2739574446 	0.2739574446 	2.339e-01 	
1624 	0.2739273626 	0.2739273626 	2.339e-01 	
1383 	0.2736151472 	0.2736151472 	2.343e-01 	
1993 	0.2740713389 	0.2740713389 	2.338e-01 	
403 	0.27405915 	0.27405915 	2.338e-01 	
270 	0.2739995782 	0.2739995782 	2.339e-01 	
1022 	0.2744889425 	0.2744889425 	2.332e-01 	
533 	0.2744044565 	0.2744044565 	2.334e-01 	
318 	0.2742243326 	0.2742243326 	2.336e-01 	
1050 	0.2745005354 	0.2745005354 	2.332e-01 	
1805 	0.2746688221 	0.2746688221 	2.330e-01 	
255 	0.2746993407 	0.2746993407 	2.330e-01 	
911 	0.2751074816 	0.2751074816 	2.325e-01 	
154 	0.2755093699 	0.2755093699 	2.320e-01 	
1866 	0.2754045781 	0.2754045781 	2.321e-01 	
1830 	0.2755757947 	0.2755757947 	2.319e-01 	
265 	0.2755813316 	0.2755813316 	2.319e-01 	
451 	0.2756407349 	0.2756407349 	2.318e-01 	
448 	0.275592803 	0.275592803 	2.319e-01 	
1012 	0.275642149 	0.275642149 	2.318e-01 	
1947 	0.2719732276 	0.2719732276 	2.364e-01 	
1391 	0.275692321 	0.275692321 	2.318e-01 	
428 	0.2759126258 	0.2759126258 	2.315e-01 	
1575 	0.2759178415 	0.2759178415 	2.315e-01 	
861 	0.2763318023 	0.2763318023 	2.310e-01 	
895 	0.274691315 	0.274691315 	2.330e-01 	
1053 	0.2753856577 	0.2753856577 	2.321e-01 	
935 	0.2764767627 	0.2764767627 	2.308e-01 	
927 	0.2772589329 	0.2772589329 	2.298e-01 	
1349 	0.2763359942 	0.2763359942 	2.310e-01 	
1917 	0.2770122658 	0.2770122658 	2.301e-01 	
907 	0.2767569139 	0.2767569139 	2.305e-01 	
387 	0.2773024688 	0.2773024688 	2.298e-01 	
774 	0.2767630909 	0.2767630909 	2.305e-01 	
673 	0.275988454 	0.275988454 	2.314e-01 	
1770 	0.277318154 	0.277318154 	2.298e-01 	
1914 	0.2776170015 	0.2776170015 	2.294e-01 	
1956 	0.2774428056 	0.2774428056 	2.296e-01 	
991 	0.2774484919 	0.2774484919 	2.296e-01 	
302 	0.2777307139 	0.2777307139 	2.293e-01 	
335 	0.2778602283 	0.2778602283 	2.291e-01 	
241 	0.2780212044 	0.2780212044 	2.289e-01 	
1520 	0.2778284978 	0.2778284978 	2.292e-01 	
343 	0.2784468207 	0.2784468207 	2.284e-01 	
1198 	0.2785024795 	0.2785024795 	2.283e-01 	
551 	0.278366856 	0.278366856 	2.285e-01 	
1591 	0.2781955197 	0.2781955197 	2.287e-01 	
382 	0.2790637584 	0.2790637584 	2.277e-01 	
639 	0.2788269043 	0.2788269043 	2.279e-01 	
948 	0.2788731553 	0.2788731553 	2.279e-01 	
396 	0.2789856594 	0.2789856594 	2.278e-01 	
442 	0.2790818737 	0.2790818737 	2.276e-01 	
1397 	0.2791216148 	0.2791216148 	2.276e-01 	
1443 	0.2792171939 	0.2792171939 	2.275e-01 	
1869 	0.2792939956 	0.2792939956 	2.274e-01 	
900 	0.2792924466 	0.2792924466 	2.274e-01 	
1954 	0.2793532938 	0.2793532938 	2.273e-01 	
1769 	0.2794986479 	0.2794986479 	2.271e-01 	
444 	0.2793696336 	0.2793696336 	2.273e-01 	
626 	0.2797950355 	0.2797950355 	2.268e-01 	
955 	0.2798670134 	0.2798670134 	2.267e-01 	
528 	0.2798836618 	0.2798836618 	2.267e-01 	
1630 	0.2802032542 	0.2802032542 	2.263e-01 	
97 	0.2803064253 	0.2803064253 	2.262e-01 	
1658 	0.2803577925 	0.2803577925 	2.261e-01 	
733 	0.2802604284 	0.2802604284 	2.262e-01 	
923 	0.2802298387 	0.2802298387 	2.263e-01 	
242 	0.280473823 	0.280473823 	2.260e-01 	
1331 	0.2805430143 	0.2805430143 	2.259e-01 	
1032 	0.2804860106 	0.2804860106 	2.259e-01 	
435 	0.2806205564 	0.2806205564 	2.258e-01 	
1540 	0.2807044957 	0.2807044957 	2.257e-01 	
1599 	0.2809158552 	0.2809158552 	2.254e-01 	
1192 	0.2807571898 	0.2807571898 	2.256e-01 	
842 	0.2807616611 	0.2807616611 	2.256e-01 	
1130 	0.2810527038 	0.2810527038 	2.253e-01 	
1772 	0.2809112914 	0.2809112914 	2.254e-01 	
1655 	0.2808326139 	0.2808326139 	2.255e-01 	
1427 	0.2815905328 	0.2815905328 	2.246e-01 	
287 	0.2815929258 	0.2815929258 	2.246e-01 	
806 	0.2815419061 	0.2815419061 	2.247e-01 	
1572 	0.2816217034 	0.2816217034 	2.246e-01 	
1176 	0.2818346718 	0.2818346718 	2.243e-01 	
81 	0.2822616199 	0.2822616199 	2.238e-01 	
1796 	0.281815324 	0.281815324 	2.244e-01 	
844 	0.2816667297 	0.2816667297 	2.245e-01 	
1326 	0.2826698054 	0.2826698054 	2.233e-01 	
1570 	0.2825600308 	0.2825600308 	2.235e-01 	
3 	0.2825107641 	0.2825107641 	2.235e-01 	
765 	0.2828254294 	0.2828254294 	2.232e-01 	
1043 	0.2828066897 	0.2828066897 	2.232e-01 	
523 	0.2830295307 	0.2830295307 	2.229e-01 	
1021 	0.2828464163 	0.2828464163 	2.231e-01 	
10 	0.2832951026 	0.2832951026 	2.226e-01 	
835 	0.2831899082 	0.2831899082 	2.227e-01 	
367 	0.2829681965 	0.2829681965 	2.230e-01 	
1586 	0.2832357291 	0.2832357291 	2.227e-01 	
1208 	0.2832954765 	0.2832954765 	2.226e-01 	
1310 	0.2833164754 	0.2833164754 	2.226e-01 	
1940 	0.2838102737 	0.2838102737 	2.220e-01 	
372 	0.2838910297 	0.2838910297 	2.219e-01 	
1342 	0.2837806353 	0.2837806353 	2.220e-01 	
65 	0.2839091689 	0.2839091689 	2.219e-01 	
379 	0.2839978075 	0.2839978075 	2.218e-01 	
1554 	0.2839472291 	0.2839472291 	2.218e-01 	
1760 	0.284087417 	0.284087417 	2.217e-01 	
537 	0.2842636487 	0.2842636487 	2.215e-01 	
45 	0.2843921056 	0.2843921056 	2.213e-01 	
1088 	0.284265134 	0.284265134 	2.215e-01 	
1320 	0.284556425 	0.284556425 	2.211e-01 	
1422 	0.2845184387 	0.2845184387 	2.212e-01 	
1973 	0.284480245 	0.284480245 	2.212e-01 	
784 	0.2846003736 	0.2846003736 	2.211e-01 	
1236 	0.2851086796 	0.2851086796 	2.205e-01 	
1763 	0.2849379343 	0.2849379343 	2.207e-01 	
1421 	0.2849900327 	0.2849900327 	2.206e-01 	
1084 	0.2851673463 	0.2851673463 	2.204e-01 	
1453 	0.2852973985 	0.2852973985 	2.203e-01 	
688 	0.2854461819 	0.2854461819 	2.201e-01 	
930 	0.285454849 	0.285454849 	2.201e-01 	
1110 	0.2855270815 	0.2855270815 	2.200e-01 	
410 	0.2857924732 	0.2857924732 	2.197e-01 	
465 	0.2857414709 	0.2857414709 	2.197e-01 	
877 	0.2854184422 	0.2854184422 	2.201e-01 	
1609 	0.2860041748 	0.2860041748 	2.194e-01 	
567 	0.28582037 	0.28582037 	2.196e-01 	
1666 	0.2858268364 	0.2858268364 	2.196e-01 	
1687 	0.2853231125 	0.2853231125 	2.202e-01 	
185 	0.2859551298 	0.2859551298 	2.195e-01 	
284 	0.2861516313 	0.2861516313 	2.193e-01 	
1738 	0.286076578 	0.286076578 	2.193e-01 	
60 	0.2863964753 	0.2863964753 	2.190e-01 	
535 	0.2854711202 	0.2854711202 	2.201e-01 	
197 	0.2863978315 	0.2863978315 	2.190e-01 	
694 	0.2865164427 	0.2865164427 	2.188e-01 	
1371 	0.2864068323 	0.2864068323 	2.190e-01 	
340 	0.2868258583 	0.2868258583 	2.185e-01 	
1221 	0.2867120815 	0.2867120815 	2.186e-01 	
58 	0.2870173853 	0.2870173853 	2.183e-01 	
788 	0.2871500418 	0.2871500418 	2.181e-01 	
1855 	0.2871095686 	0.2871095686 	2.181e-01 	
564 	0.2871823172 	0.2871823172 	2.181e-01 	
647 	0.2881491217 	0.2881491217 	2.169e-01 	
1509 	0.2884313316 	0.2884313316 	2.166e-01 	
0 	0.2884872068 	0.2884872068 	2.166e-01 	
1075 	0.2885410036 	0.2885410036 	2.165e-01 	
549 	0.2887314855 	0.2887314855 	2.163e-01 	
1450 	0.28876267 	0.28876267 	2.162e-01 	
519 	0.2887917039 	0.2887917039 	2.162e-01 	
190 	0.2887878308 	0.2887878308 	2.162e-01 	
1234 	0.2889801754 	0.2889801754 	2.160e-01 	
968 	0.2891356625 	0.2891356625 	2.158e-01 	
414 	0.2890426858 	0.2890426858 	2.159e-01 	
607 	0.2885422796 	0.2885422796 	2.165e-01 	
1411 	0.2893706983 	0.2893706983 	2.155e-01 	
845 	0.2892468965 	0.2892468965 	2.157e-01 	
672 	0.2903166827 	0.2903166827 	2.145e-01 	
1972 	0.290423692 	0.290423692 	2.143e-01 	
409 	0.2898854546 	0.2898854546 	2.150e-01 	
1741 	0.2893747662 	0.2893747662 	2.155e-01 	
1536 	0.2893927162 	0.2893927162 	2.155e-01 	
818 	0.2902360405 	0.2902360405 	2.146e-01 	
1376 	0.2900445317 	0.2900445317 	2.148e-01 	
761 	0.2903980447 	0.2903980447 	2.144e-01 	
1841 	0.290529863 	0.290529863 	2.142e-01 	
811 	0.290596396 	0.290596396 	2.142e-01 	
1625 	0.2903182158 	0.2903182158 	2.145e-01 	
1239 	0.290586589 	0.290586589 	2.142e-01 	
918 	0.2907300052 	0.2907300052 	2.140e-01 	
600 	0.2904462992 	0.2904462992 	2.143e-01 	
766 	0.2908129401 	0.2908129401 	2.139e-01 	
291 	0.2909461615 	0.2909461615 	2.138e-01 	
1756 	0.2909570812 	0.2909570812 	2.137e-01 	
1975 	0.2909952274 	0.2909952274 	2.137e-01 	
1259 	0.2910689263 	0.2910689263 	2.136e-01 	
867 	0.2912166695 	0.2912166695 	2.134e-01 	
1657 	0.2910731203 	0.2910731203 	2.136e-01 	
1851 	0.2911504793 	0.2911504793 	2.135e-01 	
501 	0.2913762901 	0.2913762901 	2.133e-01 	
1273 	0.2912479266 	0.2912479266 	2.134e-01 	
1697 	0.2914049657 	0.2914049657 	2.132e-01 	
1900 	0.2920313449 	0.2920313449 	2.125e-01 	
990 	0.2921625608 	0.2921625608 	2.124e-01 	
1487 	0.2922272519 	0.2922272519 	2.123e-01 	
1926 	0.2925758949 	0.2925758949 	2.119e-01 	
498 	0.2924941776 	0.2924941776 	2.120e-01 	
755 	0.2922522624 	0.2922522624 	2.123e-01 	
42 	0.2925035725 	0.2925035725 	2.120e-01 	
210 	0.2926509601 	0.2926509601 	2.118e-01 	
1510 	0.2930407159 	0.2930407159 	2.114e-01 	
1294 	0.2929369851 	0.2929369851 	2.115e-01 	
1292 	0.2930943593 	0.2930943593 	2.113e-01 	
1665 	0.2931413178 	0.2931413178 	2.113e-01 	
579 	0.2934806958 	0.2934806958 	2.109e-01 	
640 	0.2933220322 	0.2933220322 	2.111e-01 	
1478 	0.2935178093 	0.2935178093 	2.109e-01 	
113 	0.2931957793 	0.2931957793 	2.112e-01 	
1263 	0.2935928512 	0.2935928512 	2.108e-01 	
1718 	0.2935561952 	0.2935561952 	2.108e-01 	
1527 	0.2938258075 	0.2938258075 	2.105e-01 	
1875 	0.2935950116 	0.2935950116 	2.108e-01 	
1068 	0.2940223409 	0.2940223409 	2.103e-01 	
1702 	0.2938283266 	0.2938283266 	2.105e-01 	
1935 	0.2942461299 	0.2942461299 	2.100e-01 	
985 	0.2950323174 	0.2950323174 	2.092e-01 	
1921 	0.2942614793 	0.2942614793 	2.100e-01 	
1563 	0.2946525756 	0.2946525756 	2.096e-01 	
1288 	0.2945759871 	0.2945759871 	2.097e-01 	
917 	0.2944168405 	0.2944168405 	2.099e-01 	
1473 	0.2958954033 	0.2958954033 	2.082e-01 	
31 	0.2954145529 	0.2954145529 	2.087e-01 	
213 	0.2945008074 	0.2945008074 	2.098e-01 	
322 	0.2962625926 	0.2962625926 	2.078e-01 	
1967 	0.2944883786 	0.2944883786 	2.098e-01 	
312 	0.2963228449 	0.2963228449 	2.077e-01 	
497 	0.2936908879 	0.2936908879 	2.107e-01 	
903 	0.296388597 	0.296388597 	2.077e-01 	
888 	0.2959731226 	0.2959731226 	2.081e-01 	
632 	0.2944960437 	0.2944960437 	2.098e-01 	
1644 	0.296393091 	0.296393091 	2.077e-01 	
1085 	0.2959780424 	0.2959780424 	2.081e-01 	
1824 	0.2965164424 	0.2965164424 	2.075e-01 	
196 	0.296501244 	0.296501244 	2.075e-01 	
590 	0.2964095016 	0.2964095016 	2.077e-01 	
290 	0.2965829139 	0.2965829139 	2.075e-01 	
1998 	0.2966455789 	0.2966455789 	2.074e-01 	
157 	0.2971119428 	0.2971119428 	2.069e-01 	
116 	0.296704292 	0.296704292 	2.073e-01 	
151 	0.2972014974 	0.2972014974 	2.068e-01 	
1882 	0.297562308 	0.297562308 	2.064e-01 	
487 	0.2973774964 	0.2973774964 	2.066e-01 	
493 	0.2978440296 	0.2978440296 	2.061e-01 	
1907 	0.2978357896 	0.2978357896 	2.061e-01 	
1106 	0.2979148632 	0.2979148632 	2.060e-01 	
658 	0.2978495162 	0.2978495162 	2.061e-01 	
1351 	0.2979286146 	0.2979286146 	2.060e-01 	
1162 	0.2976803699 	0.2976803699 	2.063e-01 	
762 	0.2979259802 	0.2979259802 	2.060e-01 	
1403 	0.2979410136 	0.2979410136 	2.060e-01 	
1124 	0.2979598539 	0.2979598539 	2.060e-01 	
199 	0.2980658879 	0.2980658879 	2.058e-01 	
1165 	0.2981433234 	0.2981433234 	2.057e-01 	
1196 	0.2982800543 	0.2982800543 	2.056e-01 	
1115 	0.2981618409 	0.2981618409 	2.057e-01 	
949 	0.2984124969 	0.2984124969 	2.055e-01 	
1380 	0.2983671951 	0.2983671951 	2.055e-01 	
85 	0.2985840618 	0.2985840618 	2.053e-01 	
413 	0.298573551 	0.298573551 	2.053e-01 	
1243 	0.2986170464 	0.2986170464 	2.052e-01 	
545 	0.2985842289 	0.2985842289 	2.053e-01 	
24 	0.2985368837 	0.2985368837 	2.053e-01 	
661 	0.2986455631 	0.2986455631 	2.052e-01 	
231 	0.2986468907 	0.2986468907 	2.052e-01 	
1345 	0.2986679494 	0.2986679494 	2.052e-01 	
1619 	0.298872909 	0.298872909 	2.050e-01 	
1166 	0.2988232538 	0.2988232538 	2.050e-01 	
1868 	0.2986709774 	0.2986709774 	2.052e-01 	
1348 	0.2988795049 	0.2988795049 	2.049e-01 	
650 	0.29952603 	0.29952603 	2.042e-01 	
246 	0.2995056411 	0.2995056411 	2.043e-01 	
1300 	0.2989785913 	0.2989785913 	2.048e-01 	
1170 	0.2999641527 	0.2999641527 	2.038e-01 	
946 	0.3005567698 	0.3005567698 	2.031e-01 	
860 	0.3001220373 	0.3001220373 	2.036e-01 	
1160 	0.3005772507 	0.3005772507 	2.031e-01 	
1691 	0.2992217811 	0.2992217811 	2.046e-01 	
1950 	0.2993855144 	0.2993855144 	2.044e-01 	
1193 	0.3010609601 	0.3010609601 	2.026e-01 	
1752 	0.3007739133 	0.3007739133 	2.029e-01 	
1774 	0.3007139618 	0.3007139618 	2.030e-01 	
972 	0.3009028984 	0.3009028984 	2.028e-01 	
1922 	0.3008871589 	0.3008871589 	2.028e-01 	
1957 	0.3011058119 	0.3011058119 	2.025e-01 	
445 	0.3011968941 	0.3011968941 	2.024e-01 	
1249 	0.3013966867 	0.3013966867 	2.022e-01 	
1560 	0.3019502802 	0.3019502802 	2.016e-01 	
28 	0.3033623461 	0.3033623461 	2.001e-01 	
502 	0.3033665008 	0.3033665008 	2.001e-01 	
363 	0.3036250877 	0.3036250877 	1.999e-01 	
1845 	0.3024134418 	0.3024134418 	2.011e-01 	
730 	0.302231878 	0.302231878 	2.013e-01 	
662 	0.3025842129 	0.3025842129 	2.010e-01 	
1254 	0.3019797418 	0.3019797418 	2.016e-01 	
440 	0.3021744726 	0.3021744726 	2.014e-01 	
1711 	0.3021397883 	0.3021397883 	2.014e-01 	
1827 	0.3029989265 	0.3029989265 	2.005e-01 	
737 	0.3029693932 	0.3029693932 	2.006e-01 	
857 	0.3033266004 	0.3033266004 	2.002e-01 	
1530 	0.3026848988 	0.3026848988 	2.009e-01 	
80 	0.301958204 	0.301958204 	2.016e-01 	
586 	0.3037072307 	0.3037072307 	1.998e-01 	
507 	0.3023038271 	0.3023038271 	2.013e-01 	
315 	0.3033050104 	0.3033050104 	2.002e-01 	
1018 	0.3037091994 	0.3037091994 	1.998e-01 	
819 	0.303906348 	0.303906348 	1.996e-01 	
780 	0.3042958742 	0.3042958742 	1.991e-01 	
1904 	0.3044273421 	0.3044273421 	1.990e-01 	
1081 	0.3044292053 	0.3044292053 	1.990e-01 	
1488 	0.3044463729 	0.3044463729 	1.990e-01 	
75 	0.3039127426 	0.3039127426 	1.996e-01 	
260 	0.3044755134 	0.3044755134 	1.990e-01 	
555 	0.3042413312 	0.3042413312 	1.992e-01 	
368 	0.304527548 	0.304527548 	1.989e-01 	
297 	0.304796942 	0.304796942 	1.986e-01 	
1361 	0.3048815142 	0.3048815142 	1.985e-01 	
192 	0.3048951362 	0.3048951362 	1.985e-01 	
1417 	0.3053232181 	0.3053232181 	1.981e-01 	
1952 	0.3050481948 	0.3050481948 	1.984e-01 	
1366 	0.3054374303 	0.3054374303 	1.979e-01 	
975 	0.3056542288 	0.3056542288 	1.977e-01 	
1574 	0.3056761358 	0.3056761358 	1.977e-01 	
1489 	0.3054115575 	0.3054115575 	1.980e-01 	
296 	0.3056475703 	0.3056475703 	1.977e-01 	
783 	0.3058349166 	0.3058349166 	1.975e-01 	
158 	0.3057499658 	0.3057499658 	1.976e-01 	
561 	0.3062483751 	0.3062483751 	1.971e-01 	
1533 	0.3064386409 	0.3064386409 	1.969e-01 	
1886 	0.3063897026 	0.3063897026 	1.969e-01 	
905 	0.3065457031 	0.3065457031 	1.968e-01 	
1669 	0.3067312141 	0.3067312141 	1.966e-01 	
112 	0.3067125687 	0.3067125687 	1.966e-01 	
1693 	0.306438785 	0.306438785 	1.969e-01 	
326 	0.3068013524 	0.3068013524 	1.965e-01 	
470 	0.3069275167 	0.3069275167 	1.964e-01 	
1253 	0.3068862066 	0.3068862066 	1.964e-01 	
689 	0.3077354856 	0.3077354856 	1.955e-01 	
244 	0.3075664336 	0.3075664336 	1.957e-01 	
424 	0.3071713088 	0.3071713088 	1.961e-01 	
1135 	0.3072622531 	0.3072622531 	1.960e-01 	
1641 	0.3074861308 	0.3074861308 	1.958e-01 	
390 	0.3073267467 	0.3073267467 	1.960e-01 	
1218 	0.3081597847 	0.3081597847 	1.951e-01 	
1640 	0.3080428911 	0.3080428911 	1.952e-01 	
1943 	0.3082601283 	0.3082601283 	1.950e-01 	
1090 	0.3086968471 	0.3086968471 	1.946e-01 	
1925 	0.3077721141 	0.3077721141 	1.955e-01 	
612 	0.3078563601 	0.3078563601 	1.954e-01 	
1608 	0.3079648662 	0.3079648662 	1.953e-01 	
1727 	0.3088765841 	0.3088765841 	1.944e-01 	
636 	0.3083893758 	0.3083893758 	1.949e-01 	
1896 	0.3088798136 	0.3088798136 	1.944e-01 	
1161 	0.3084918829 	0.3084918829 	1.948e-01 	
1506 	0.3089996818 	0.3089996818 	1.942e-01 	
83 	0.307787596 	0.307787596 	1.955e-01 	
35 	0.3088644472 	0.3088644472 	1.944e-01 	
892 	0.3090547561 	0.3090547561 	1.942e-01 	
87 	0.3090914829 	0.3090914829 	1.941e-01 	
1515 	0.3091667071 	0.3091667071 	1.941e-01 	
238 	0.3093620104 	0.3093620104 	1.939e-01 	
910 	0.3093968471 	0.3093968471 	1.938e-01 	
331 	0.3093822437 	0.3093822437 	1.938e-01 	
1736 	0.3097212721 	0.3097212721 	1.935e-01 	
342 	0.3099194389 	0.3099194389 	1.933e-01 	
1690 	0.3097312808 	0.3097312808 	1.935e-01 	
994 	0.3099941586 	0.3099941586 	1.932e-01 	
532 	0.3101274637 	0.3101274637 	1.931e-01 	
1773 	0.309934598 	0.309934598 	1.933e-01 	
360 	0.3106121853 	0.3106121853 	1.926e-01 	
1459 	0.3100858039 	0.3100858039 	1.931e-01 	
1792 	0.3098973538 	0.3098973538 	1.933e-01 	
657 	0.3104892439 	0.3104892439 	1.927e-01 	
245 	0.3105395696 	0.3105395696 	1.927e-01 	
802 	0.31073478 	0.31073478 	1.925e-01 	
1017 	0.3110467783 	0.3110467783 	1.921e-01 	
913 	0.3110927149 	0.3110927149 	1.921e-01 	
1159 	0.3113300598 	0.3113300598 	1.919e-01 	
1425 	0.3114199632 	0.3114199632 	1.918e-01 	
301 	0.3119872658 	0.3119872658 	1.912e-01 	
1492 	0.3115439736 	0.3115439736 	1.916e-01 	
1341 	0.3115959862 	0.3115959862 	1.916e-01 	
1847 	0.3121828153 	0.3121828153 	1.910e-01 	
1820 	0.3114223547 	0.3114223547 	1.918e-01 	
805 	0.311172291 	0.311172291 	1.920e-01 	
1924 	0.3122629713 	0.3122629713 	1.909e-01 	
1782 	0.3112657907 	0.3112657907 	1.919e-01 	
1338 	0.3113853963 	0.3113853963 	1.918e-01 	
1224 	0.3133560666 	0.3133560666 	1.898e-01 	
1602 	0.3134909453 	0.3134909453 	1.897e-01 	
233 	0.3124991977 	0.3124991977 	1.907e-01 	
712 	0.3135961904 	0.3135961904 	1.896e-01 	
1095 	0.3130914725 	0.3130914725 	1.901e-01 	
1036 	0.3125934879 	0.3125934879 	1.906e-01 	
656 	0.3134688577 	0.3134688577 	1.897e-01 	
452 	0.3126746744 	0.3126746744 	1.905e-01 	
1322 	0.3130912242 	0.3130912242 	1.901e-01 	
49 	0.3129847959 	0.3129847959 	1.902e-01 	
735 	0.3133441628 	0.3133441628 	1.898e-01 	
1212 	0.3126427005 	0.3126427005 	1.905e-01 	
1037 	0.3124904949 	0.3124904949 	1.907e-01 	
997 	0.3123232931 	0.3123232931 	1.908e-01 	
69 	0.3136233098 	0.3136233098 	1.895e-01 	
1011 	0.3136242739 	0.3136242739 	1.895e-01 	
1430 	0.3138265186 	0.3138265186 	1.893e-01 	
1278 	0.3138554645 	0.3138554645 	1.893e-01 	
62 	0.3138718992 	0.3138718992 	1.893e-01 	
63 	0.3137494369 	0.3137494369 	1.894e-01 	
893 	0.3138809652 	0.3138809652 	1.893e-01 	
159 	0.3139684167 	0.3139684167 	1.892e-01 	
1777 	0.3139371743 	0.3139371743 	1.892e-01 	
1250 	0.3141540695 	0.3141540695 	1.890e-01 	
520 	0.3141931344 	0.3141931344 	1.890e-01 	
26 	0.3150680781 	0.3150680781 	1.881e-01 	
66 	0.3142275372 	0.3142275372 	1.889e-01 	
1590 	0.3142997107 	0.3142997107 	1.889e-01 	
854 	0.314623862 	0.314623862 	1.885e-01 	
1040 	0.3143902348 	0.3143902348 	1.888e-01 	
491 	0.3145252512 	0.3145252512 	1.886e-01 	
1091 	0.315713003 	0.315713003 	1.874e-01 	
1015 	0.3154617126 	0.3154617126 	1.877e-01 	
841 	0.3158314843 	0.3158314843 	1.873e-01 	
1585 	0.315090203 	0.315090203 	1.881e-01 	
1611 	0.3151721886 	0.3151721886 	1.880e-01 	
692 	0.3154440657 	0.3154440657 	1.877e-01 	
1613 	0.3154471383 	0.3154471383 	1.877e-01 	
1323 	0.3152577856 	0.3152577856 	1.879e-01 	
1418 	0.3160061767 	0.3160061767 	1.872e-01 	
846 	0.3160420493 	0.3160420493 	1.871e-01 	
1675 	0.3164474877 	0.3164474877 	1.867e-01 	
1595 	0.3167572204 	0.3167572204 	1.864e-01 	
273 	0.3162205974 	0.3162205974 	1.869e-01 	
1968 	0.3167531417 	0.3167531417 	1.864e-01 	
147 	0.3169453833 	0.3169453833 	1.862e-01 	
1109 	0.3179052488 	0.3179052488 	1.853e-01 	
1003 	0.3180236061 	0.3180236061 	1.852e-01 	
1512 	0.3181531343 	0.3181531343 	1.850e-01 	
676 	0.3180437475 	0.3180437475 	1.851e-01 	
370 	0.3175053108 	0.3175053108 	1.857e-01 	
1890 	0.317923323 	0.317923323 	1.853e-01 	
566 	0.3176469261 	0.3176469261 	1.855e-01 	
1629 	0.3183006298 	0.3183006298 	1.849e-01 	
667 	0.3184164694 	0.3184164694 	1.848e-01 	
550 	0.3184613248 	0.3184613248 	1.847e-01 	
252 	0.3185664586 	0.3185664586 	1.846e-01 	
1626 	0.3187904034 	0.3187904034 	1.844e-01 	
46 	0.3188267102 	0.3188267102 	1.844e-01 	
1093 	0.3183061516 	0.3183061516 	1.849e-01 	
133 	0.3188856763 	0.3188856763 	1.843e-01 	
1567 	0.3189449949 	0.3189449949 	1.843e-01 	
1652 	0.3190705375 	0.3190705375 	1.841e-01 	
111 	0.3190686128 	0.3190686128 	1.841e-01 	
1232 	0.3192372838 	0.3192372838 	1.840e-01 	
1448 	0.3193532373 	0.3193532373 	1.839e-01 	
280 	0.3194261541 	0.3194261541 	1.838e-01 	
602 	0.3193621229 	0.3193621229 	1.839e-01 	
172 	0.3195424189 	0.3195424189 	1.837e-01 	
41 	0.3190915559 	0.3190915559 	1.841e-01 	
90 	0.319577557 	0.319577557 	1.836e-01 	
1148 	0.3196141872 	0.3196141872 	1.836e-01 	
581 	0.31963798 	0.31963798 	1.836e-01 	
108 	0.3198045291 	0.3198045291 	1.834e-01 	
490 	0.3199525155 	0.3199525155 	1.833e-01 	
1231 	0.3199780145 	0.3199780145 	1.833e-01 	
720 	0.3200009313 	0.3200009313 	1.832e-01 	
188 	0.3203674886 	0.3203674886 	1.829e-01 	
1670 	0.3203738591 	0.3203738591 	1.829e-01 	
823 	0.3208976935 	0.3208976935 	1.824e-01 	
1029 	0.3204625542 	0.3204625542 	1.828e-01 	
130 	0.3208335672 	0.3208335672 	1.824e-01 	
306 	0.3210037098 	0.3210037098 	1.823e-01 	
131 	0.3209695926 	0.3209695926 	1.823e-01 	
988 	0.3212389439 	0.3212389439 	1.820e-01 	
715 	0.3222901593 	0.3222901593 	1.810e-01 	
1577 	0.3214225805 	0.3214225805 	1.819e-01 	
653 	0.3212388304 	0.3212388304 	1.820e-01 	
1842 	0.3222311029 	0.3222311029 	1.811e-01 	
1173 	0.3212219793 	0.3212219793 	1.820e-01 	
1801 	0.3217841128 	0.3217841128 	1.815e-01 	
1505 	0.3217328451 	0.3217328451 	1.816e-01 	
1831 	0.3220860446 	0.3220860446 	1.812e-01 	
829 	0.3216648348 	0.3216648348 	1.816e-01 	
476 	0.3226176363 	0.3226176363 	1.807e-01 	
1008 	0.3226763852 	0.3226763852 	1.806e-01 	
1065 	0.3230969304 	0.3230969304 	1.802e-01 	
1484 	0.3234426889 	0.3234426889 	1.799e-01 	
1317 	0.3213564316 	0.3213564316 	1.819e-01 	
1945 	0.3216499379 	0.3216499379 	1.816e-01 	
864 	0.3230594485 	0.3230594485 	1.803e-01 	
337 	0.3213431089 	0.3213431089 	1.819e-01 	
603 	0.321409269 	0.321409269 	1.819e-01 	
1829 	0.3236056294 	0.3236056294 	1.798e-01 	
589 	0.3233102351 	0.3233102351 	1.800e-01 	
1086 	0.3240282374 	0.3240282374 	1.794e-01 	
914 	0.3237447734 	0.3237447734 	1.796e-01 	
378 	0.3238834114 	0.3238834114 	1.795e-01 	
1988 	0.3240141498 	0.3240141498 	1.794e-01 	
309 	0.3238604772 	0.3238604772 	1.795e-01 	
208 	0.3238160754 	0.3238160754 	1.796e-01 	
742 	0.3241498252 	0.3241498252 	1.792e-01 	
707 	0.3241153863 	0.3241153863 	1.793e-01 	
1759 	0.3242010179 	0.3242010179 	1.792e-01 	
684 	0.3241949636 	0.3241949636 	1.792e-01 	
1716 	0.3242073261 	0.3242073261 	1.792e-01 	
1476 	0.3243495916 	0.3243495916 	1.791e-01 	
1523 	0.324404736 	0.324404736 	1.790e-01 	
317 	0.3248869606 	0.3248869606 	1.785e-01 	
1724 	0.325557001 	0.325557001 	1.779e-01 	
175 	0.3254009529 	0.3254009529 	1.781e-01 	
651 	0.3256053395 	0.3256053395 	1.779e-01 	
1633 	0.3249691414 	0.3249691414 	1.785e-01 	
583 	0.3247181997 	0.3247181997 	1.787e-01 	
1464 	0.3248246125 	0.3248246125 	1.786e-01 	
928 	0.3256466293 	0.3256466293 	1.778e-01 	
1638 	0.3257875535 	0.3257875535 	1.777e-01 	
1440 	0.3258682082 	0.3258682082 	1.776e-01 	
1881 	0.3259388508 	0.3259388508 	1.776e-01 	
952 	0.325997935 	0.325997935 	1.775e-01 	
605 	0.3260317313 	0.3260317313 	1.775e-01 	
1171 	0.3261233421 	0.3261233421 	1.774e-01 	
1358 	0.3264132179 	0.3264132179 	1.771e-01 	
1071 	0.3262000515 	0.3262000515 	1.773e-01 	
1857 	0.3262963216 	0.3262963216 	1.772e-01 	
321 	0.3264356291 	0.3264356291 	1.771e-01 	
329 	0.3266525992 	0.3266525992 	1.769e-01 	
821 	0.3269292393 	0.3269292393 	1.766e-01 	
1134 	0.3270846076 	0.3270846076 	1.765e-01 	
664 	0.3270910471 	0.3270910471 	1.765e-01 	
630 	0.3273132202 	0.3273132202 	1.763e-01 	
1700 	0.3272378089 	0.3272378089 	1.763e-01 	
597 	0.327906409 	0.327906409 	1.757e-01 	
18 	0.3276933872 	0.3276933872 	1.759e-01 	
1070 	0.3281574939 	0.3281574939 	1.755e-01 	
1179 	0.327854997 	0.327854997 	1.758e-01 	
1155 	0.3276386603 	0.3276386603 	1.760e-01 	
345 	0.3276118342 	0.3276118342 	1.760e-01 	
385 	0.3282836175 	0.3282836175 	1.754e-01 	
1392 	0.3284818737 	0.3284818737 	1.752e-01 	
1235 	0.3284196193 	0.3284196193 	1.752e-01 	
21 	0.3284569628 	0.3284569628 	1.752e-01 	
1400 	0.3283804431 	0.3283804431 	1.753e-01 	
1862 	0.3285638357 	0.3285638357 	1.751e-01 	
1546 	0.3288383882 	0.3288383882 	1.748e-01 	
393 	0.3285841463 	0.3285841463 	1.751e-01 	
100 	0.3285750012 	0.3285750012 	1.751e-01 	
1708 	0.3290213281 	0.3290213281 	1.747e-01 	
1549 	0.3294473745 	0.3294473745 	1.743e-01 	
71 	0.3294700161 	0.3294700161 	1.743e-01 	
1647 	0.3292847568 	0.3292847568 	1.744e-01 	
1062 	0.3296548562 	0.3296548562 	1.741e-01 	
350 	0.3295587057 	0.3295587057 	1.742e-01 	
1295 	0.3285702181 	0.3285702181 	1.751e-01 	
1078 	0.3297188279 	0.3297188279 	1.740e-01 	
1407 	0.3296261864 	0.3296261864 	1.741e-01 	
871 	0.3298767354 	0.3298767354 	1.739e-01 	
541 	0.329934641 	0.329934641 	1.738e-01 	
1764 	0.3296535917 	0.3296535917 	1.741e-01 	
1755 	0.3299995988 	0.3299995988 	1.738e-01 	
314 	0.3304310419 	0.3304310419 	1.734e-01 	
1826 	0.3302965799 	0.3302965799 	1.735e-01 	
594 	0.3303236885 	0.3303236885 	1.735e-01 	
1996 	0.3301542214 	0.3301542214 	1.736e-01 	
756 	0.330343736 	0.330343736 	1.735e-01 	
807 	0.3301277763 	0.3301277763 	1.737e-01 	
483 	0.3304703707 	0.3304703707 	1.733e-01 	
511 	0.3305135236 	0.3305135236 	1.733e-01 	
1260 	0.3309777099 	0.3309777099 	1.729e-01 	
1531 	0.3305141463 	0.3305141463 	1.733e-01 	
1623 	0.3314089254 	0.3314089254 	1.725e-01 	
595 	0.331467244 	0.331467244 	1.724e-01 	
298 	0.3313149437 	0.3313149437 	1.726e-01 	
671 	0.3315391819 	0.3315391819 	1.724e-01 	
504 	0.3315841335 	0.3315841335 	1.723e-01 	
1932 	0.3329922675 	0.3329922675 	1.710e-01 	
1335 	0.3325805982 	0.3325805982 	1.714e-01 	
1057 	0.3316226059 	0.3316226059 	1.723e-01 	
272 	0.3322962404 	0.3322962404 	1.717e-01 	
1870 	0.3330537094 	0.3330537094 	1.710e-01 	
1911 	0.3330938257 	0.3330938257 	1.709e-01 	
1871 	0.3320230526 	0.3320230526 	1.719e-01 	
1807 	0.3331678214 	0.3331678214 	1.709e-01 	
1181 	0.3320080647 	0.3320080647 	1.719e-01 	
1281 	0.3328877184 	0.3328877184 	1.711e-01 	
1467 	0.3336236667 	0.3336236667 	1.705e-01 	
216 	0.3321128941 	0.3321128941 	1.718e-01 	
1350 	0.3335367119 	0.3335367119 	1.705e-01 	
1399 	0.33412128 	0.33412128 	1.700e-01 	
980 	0.3339834591 	0.3339834591 	1.701e-01 	
938 	0.3341667124 	0.3341667124 	1.700e-01 	
1834 	0.3342628516 	0.3342628516 	1.699e-01 	
1511 	0.3344073972 	0.3344073972 	1.698e-01 	
1286 	0.3320848329 	0.3320848329 	1.719e-01 	
195 	0.3339010616 	0.3339010616 	1.702e-01 	
885 	0.3344557313 	0.3344557313 	1.697e-01 	
931 	0.3345687396 	0.3345687396 	1.696e-01 	
1343 	0.3340265244 	0.3340265244 	1.701e-01 	
1101 	0.3346538659 	0.3346538659 	1.695e-01 	
1513 	0.3346845823 	0.3346845823 	1.695e-01 	
574 	0.3348552934 	0.3348552934 	1.694e-01 	
482 	0.3348918801 	0.3348918801 	1.693e-01 	
882 	0.3350074594 	0.3350074594 	1.692e-01 	
223 	0.3350819373 	0.3350819373 	1.691e-01 	
253 	0.3350506006 	0.3350506006 	1.692e-01 	
121 	0.3353711804 	0.3353711804 	1.689e-01 	
862 	0.3354495367 	0.3354495367 	1.688e-01 	
126 	0.3357328714 	0.3357328714 	1.686e-01 	
700 	0.335905402 	0.335905402 	1.684e-01 	
1098 	0.3359252067 	0.3359252067 	1.684e-01 	
278 	0.3358227897 	0.3358227897 	1.685e-01 	
1605 	0.3361802569 	0.3361802569 	1.682e-01 	
944 	0.3361891193 	0.3361891193 	1.682e-01 	
427 	0.3363478721 	0.3363478721 	1.680e-01 	
1837 	0.3355231839 	0.3355231839 	1.688e-01 	
569 	0.3362171693 	0.3362171693 	1.681e-01 	
1785 	0.3364837791 	0.3364837791 	1.679e-01 	
54 	0.33626201 	0.33626201 	1.681e-01 	
180 	0.336554043 	0.336554043 	1.678e-01 	
1865 	0.3365635134 	0.3365635134 	1.678e-01 	
798 	0.337068846 	0.337068846 	1.674e-01 	
1152 	0.3367378163 	0.3367378163 	1.677e-01 	
922 	0.3369799278 	0.3369799278 	1.675e-01 	
512 	0.337166378 	0.337166378 	1.673e-01 	
281 	0.3374113997 	0.3374113997 	1.671e-01 	
793 	0.3374564692 	0.3374564692 	1.670e-01 	
1028 	0.3375476784 	0.3375476784 	1.670e-01 	
1937 	0.3379484599 	0.3379484599 	1.666e-01 	
1893 	0.3375806795 	0.3375806795 	1.669e-01 	
1728 	0.3384816049 	0.3384816049 	1.661e-01 	
7 	0.3379757643 	0.3379757643 	1.666e-01 	
1539 	0.3381203161 	0.3381203161 	1.664e-01 	
1111 	0.3382704458 	0.3382704458 	1.663e-01 	
849 	0.3382197698 	0.3382197698 	1.664e-01 	
404 	0.3385664304 	0.3385664304 	1.661e-01 	
728 	0.338576832 	0.338576832 	1.660e-01 	
1389 	0.3386966505 	0.3386966505 	1.659e-01 	
82 	0.3385301339 	0.3385301339 	1.661e-01 	
1960 	0.3393010795 	0.3393010795 	1.654e-01 	
1800 	0.3393258958 	0.3393258958 	1.654e-01 	
995 	0.3393495807 	0.3393495807 	1.654e-01 	
924 	0.3396707128 	0.3396707128 	1.651e-01 	
1621 	0.3395166444 	0.3395166444 	1.652e-01 	
961 	0.3394443107 	0.3394443107 	1.653e-01 	
288 	0.3402326024 	0.3402326024 	1.646e-01 	
1683 	0.3398270393 	0.3398270393 	1.649e-01 	
1009 	0.340457771 	0.340457771 	1.644e-01 	
1026 	0.3403500371 	0.3403500371 	1.645e-01 	
1047 	0.340253788 	0.340253788 	1.646e-01 	
1497 	0.3397773715 	0.3397773715 	1.650e-01 	
139 	0.3399542814 	0.3399542814 	1.648e-01 	
1569 	0.3408215918 	0.3408215918 	1.641e-01 	
872 	0.3407218814 	0.3407218814 	1.642e-01 	
1188 	0.3408912968 	0.3408912968 	1.640e-01 	
643 	0.340918679 	0.340918679 	1.640e-01 	
750 	0.3391089136 	0.3391089136 	1.656e-01 	
1386 	0.3390613389 	0.3390613389 	1.656e-01 	
1270 	0.3418842142 	0.3418842142 	1.632e-01 	
1806 	0.3412451132 	0.3412451132 	1.637e-01 	
1790 	0.3410956401 	0.3410956401 	1.638e-01 	
1587 	0.3419477449 	0.3419477449 	1.631e-01 	
1117 	0.3417454609 	0.3417454609 	1.633e-01 	
558 	0.3409626169 	0.3409626169 	1.640e-01 	
1848 	0.3409707766 	0.3409707766 	1.639e-01 	
93 	0.3420249981 	0.3420249981 	1.630e-01 	
1076 	0.3424821655 	0.3424821655 	1.626e-01 	
391 	0.342302436 	0.342302436 	1.628e-01 	
1163 	0.3424278873 	0.3424278873 	1.627e-01 	
1410 	0.342870721 	0.342870721 	1.623e-01 	
1726 	0.3427246281 	0.3427246281 	1.624e-01 	
1632 	0.3436535717 	0.3436535717 	1.616e-01 	
1325 	0.3435874436 	0.3435874436 	1.617e-01 	
1458 	0.3436527785 	0.3436527785 	1.616e-01 	
659 	0.3430079399 	0.3430079399 	1.622e-01 	
1412 	0.3438412373 	0.3438412373 	1.615e-01 	
1582 	0.3431845386 	0.3431845386 	1.620e-01 	
205 	0.342968173 	0.342968173 	1.622e-01 	
381 	0.3430985417 	0.3430985417 	1.621e-01 	
1447 	0.3437080825 	0.3437080825 	1.616e-01 	
1791 	0.3439995606 	0.3439995606 	1.613e-01 	
826 	0.3440839996 	0.3440839996 	1.613e-01 	
1119 	0.342508201 	0.342508201 	1.626e-01 	
503 	0.3444294533 	0.3444294533 	1.610e-01 	
1215 	0.3447028288 	0.3447028288 	1.607e-01 	
638 	0.3446641866 	0.3446641866 	1.608e-01 	
1314 	0.34450353 	0.34450353 	1.609e-01 	
1678 	0.3446522528 	0.3446522528 	1.608e-01 	
1898 	0.3450676755 	0.3450676755 	1.604e-01 	
38 	0.344836506 	0.344836506 	1.606e-01 	
1672 	0.3454346381 	0.3454346381 	1.601e-01 	
1099 	0.3450704615 	0.3450704615 	1.604e-01 	
295 	0.3451746078 	0.3451746078 	1.603e-01 	
150 	0.3451567626 	0.3451567626 	1.603e-01 	
468 	0.345178623 	0.345178623 	1.603e-01 	
1971 	0.3454675547 	0.3454675547 	1.601e-01 	
144 	0.3457558245 	0.3457558245 	1.598e-01 	
1618 	0.3463510585 	0.3463510585 	1.593e-01 	
1504 	0.3460655501 	0.3460655501 	1.596e-01 	
439 	0.3459212251 	0.3459212251 	1.597e-01 	
1129 	0.3465064601 	0.3465064601 	1.592e-01 	
665 	0.3466195382 	0.3466195382 	1.591e-01 	
670 	0.346789224 	0.346789224 	1.590e-01 	
547 	0.3468079288 	0.3468079288 	1.589e-01 	
1603 	0.3468616198 	0.3468616198 	1.589e-01 	
681 	0.3468762898 	0.3468762898 	1.589e-01 	
686 	0.3469364534 	0.3469364534 	1.588e-01 	
556 	0.3469260208 	0.3469260208 	1.589e-01 	
1610 	0.3469794858 	0.3469794858 	1.588e-01 	
33 	0.3470782351 	0.3470782351 	1.587e-01 	
1616 	0.3472066931 	0.3472066931 	1.586e-01 	
57 	0.347437485 	0.347437485 	1.584e-01 	
20 	0.3475214956 	0.3475214956 	1.583e-01 	
751 	0.3469067302 	0.3469067302 	1.589e-01 	
625 	0.3469502517 	0.3469502517 	1.588e-01 	
43 	0.3475089625 	0.3475089625 	1.584e-01 	
27 	0.3475523473 	0.3475523473 	1.583e-01 	
1240 	0.3476130647 	0.3476130647 	1.583e-01 	
36 	0.347559338 	0.347559338 	1.583e-01 	
1216 	0.347689578 	0.347689578 	1.582e-01 	
1245 	0.3477127753 	0.3477127753 	1.582e-01 	
1548 	0.3486010448 	0.3486010448 	1.574e-01 	
1353 	0.348746085 	0.348746085 	1.573e-01 	
166 	0.3481941349 	0.3481941349 	1.578e-01 	
1242 	0.3477103798 	0.3477103798 	1.582e-01 	
1431 	0.3488197857 	0.3488197857 	1.573e-01 	
531 	0.3494162533 	0.3494162533 	1.568e-01 	
538 	0.3493778655 	0.3493778655 	1.568e-01 	
1765 	0.3494918669 	0.3494918669 	1.567e-01 	
1749 	0.3491339914 	0.3491339914 	1.570e-01 	
757 	0.3496755385 	0.3496755385 	1.566e-01 	
164 	0.3495684512 	0.3495684512 	1.566e-01 	
1783 	0.3497689199 	0.3497689199 	1.565e-01 	
754 	0.349986977 	0.349986977 	1.563e-01 	
1328 	0.349901337 	0.349901337 	1.564e-01 	
457 	0.3509985587 	0.3509985587 	1.555e-01 	
1035 	0.350165309 	0.350165309 	1.561e-01 	
540 	0.3499023537 	0.3499023537 	1.564e-01 	
1261 	0.3506785812 	0.3506785812 	1.557e-01 	
1206 	0.351347359 	0.351347359 	1.552e-01 	
462 	0.3512572843 	0.3512572843 	1.552e-01 	
432 	0.3513711018 	0.3513711018 	1.551e-01 	
1258 	0.3512231924 	0.3512231924 	1.553e-01 	
1201 	0.3515492129 	0.3515492129 	1.550e-01 	
709 	0.3518378594 	0.3518378594 	1.548e-01 	
505 	0.3517759382 	0.3517759382 	1.548e-01 	
1660 	0.3519862489 	0.3519862489 	1.546e-01 	
706 	0.3520952922 	0.3520952922 	1.546e-01 	
510 	0.3526426209 	0.3526426209 	1.541e-01 	
1685 	0.3520068311 	0.3520068311 	1.546e-01 	
72 	0.3527070341 	0.3527070341 	1.541e-01 	
141 	0.3529397878 	0.3529397878 	1.539e-01 	
1333 	0.3533999001 	0.3533999001 	1.535e-01 	
1280 	0.3536285778 	0.3536285778 	1.533e-01 	
1083 	0.3534899538 	0.3534899538 	1.534e-01 	
1930 	0.3537910858 	0.3537910858 	1.532e-01 	
1596 	0.3533991686 	0.3533991686 	1.535e-01 	
1372 	0.3539838845 	0.3539838845 	1.530e-01 	
1682 	0.3540603452 	0.3540603452 	1.530e-01 	
1055 	0.3545898533 	0.3545898533 	1.525e-01 	
1735 	0.3547513589 	0.3547513589 	1.524e-01 	
941 	0.3545488533 	0.3545488533 	1.526e-01 	
620 	0.3547515765 	0.3547515765 	1.524e-01 	
1140 	0.3544416666 	0.3544416666 	1.526e-01 	
1933 	0.3548850773 	0.3548850773 	1.523e-01 	
1 	0.3530812122 	0.3530812122 	1.537e-01 	
371 	0.3531923216 	0.3531923216 	1.537e-01 	
1876 	0.3548806036 	0.3548806036 	1.523e-01 	
836 	0.354996182 	0.354996182 	1.522e-01 	
1363 	0.3552129975 	0.3552129975 	1.520e-01 	
799 	0.3555332512 	0.3555332512 	1.518e-01 	
1978 	0.3553949718 	0.3553949718 	1.519e-01 	
1002 	0.355837428 	0.355837428 	1.515e-01 	
138 	0.3561670576 	0.3561670576 	1.513e-01 	
1272 	0.3561085229 	0.3561085229 	1.513e-01 	
418 	0.3559260705 	0.3559260705 	1.514e-01 	
460 	0.3562325926 	0.3562325926 	1.512e-01 	
91 	0.3562759721 	0.3562759721 	1.512e-01 	
1981 	0.3560122779 	0.3560122779 	1.514e-01 	
421 	0.3565223557 	0.3565223557 	1.510e-01 	
230 	0.3568353604 	0.3568353604 	1.507e-01 	
727 	0.3569774548 	0.3569774548 	1.506e-01 	
645 	0.3569440447 	0.3569440447 	1.506e-01 	
884 	0.3573340269 	0.3573340269 	1.503e-01 	
1883 	0.3575118051 	0.3575118051 	1.502e-01 	
1899 	0.3578189819 	0.3578189819 	1.499e-01 	
120 	0.3573187649 	0.3573187649 	1.503e-01 	
1019 	0.3576252462 	0.3576252462 	1.501e-01 	
352 	0.3582189306 	0.3582189306 	1.496e-01 	
1158 	0.3576536112 	0.3576536112 	1.501e-01 	
1743 	0.3579261301 	0.3579261301 	1.498e-01 	
792 	0.3585218185 	0.3585218185 	1.494e-01 	
1874 	0.3587308725 	0.3587308725 	1.492e-01 	
1812 	0.3587833406 	0.3587833406 	1.492e-01 	
1455 	0.3590582616 	0.3590582616 	1.490e-01 	
1379 	0.3589497183 	0.3589497183 	1.490e-01 	
808 	0.3592846627 	0.3592846627 	1.488e-01 	
1892 	0.3598486263 	0.3598486263 	1.483e-01 	
966 	0.3594229424 	0.3594229424 	1.487e-01 	
323 	0.3591100389 	0.3591100389 	1.489e-01 	
687 	0.3588662861 	0.3588662861 	1.491e-01 	
271 	0.3612228229 	0.3612228229 	1.473e-01 	
1153 	0.3592127336 	0.3592127336 	1.488e-01 	
250 	0.3616043194 	0.3616043194 	1.470e-01 	
576 	0.3623620582 	0.3623620582 	1.464e-01 	
1433 	0.359940504 	0.359940504 	1.483e-01 	
1518 	0.3599236687 	0.3599236687 	1.483e-01 	
225 	0.361651052 	0.361651052 	1.469e-01 	
1319 	0.3600799255 	0.3600799255 	1.481e-01 	
402 	0.3605397386 	0.3605397386 	1.478e-01 	
1502 	0.3601051244 	0.3601051244 	1.481e-01 	
1650 	0.3609667723 	0.3609667723 	1.475e-01 	
1005 	0.3625451094 	0.3625451094 	1.462e-01 	
106 	0.3610181316 	0.3610181316 	1.474e-01 	
399 	0.3609978257 	0.3609978257 	1.474e-01 	
492 	0.362701117 	0.362701117 	1.461e-01 	
743 	0.3627145873 	0.3627145873 	1.461e-01 	
663 	0.3632649362 	0.3632649362 	1.457e-01 	
1388 	0.3633391572 	0.3633391572 	1.456e-01 	
405 	0.3629434743 	0.3629434743 	1.459e-01 	
1461 	0.3636911389 	0.3636911389 	1.453e-01 	
925 	0.3629172663 	0.3629172663 	1.459e-01 	
1301 	0.3645273076 	0.3645273076 	1.447e-01 	
891 	0.3644234811 	0.3644234811 	1.448e-01 	
704 	0.3637935231 	0.3637935231 	1.453e-01 	
1912 	0.3638335921 	0.3638335921 	1.452e-01 	
307 	0.3648752565 	0.3648752565 	1.444e-01 	
960 	0.3647273521 	0.3647273521 	1.445e-01 	
1561 	0.3649207846 	0.3649207846 	1.444e-01 	
838 	0.3652067627 	0.3652067627 	1.442e-01 	
1721 	0.3633667789 	0.3633667789 	1.456e-01 	
202 	0.363962857 	0.363962857 	1.451e-01 	
303 	0.3653676207 	0.3653676207 	1.441e-01 	
332 	0.3655437388 	0.3655437388 	1.439e-01 	
1014 	0.3656385023 	0.3656385023 	1.438e-01 	
380 	0.3658138454 	0.3658138454 	1.437e-01 	
736 	0.3659625354 	0.3659625354 	1.436e-01 	
1496 	0.3666737072 	0.3666737072 	1.431e-01 	
1374 	0.3666899436 	0.3666899436 	1.430e-01 	
261 	0.366697609 	0.366697609 	1.430e-01 	
987 	0.3667529286 	0.3667529286 	1.430e-01 	
1475 	0.3668098226 	0.3668098226 	1.430e-01 	
1413 	0.3668143397 	0.3668143397 	1.429e-01 	
1522 	0.3668750225 	0.3668750225 	1.429e-01 	
1112 	0.3670517803 	0.3670517803 	1.428e-01 	
1849 	0.3674636756 	0.3674636756 	1.425e-01 	
1593 	0.3675182734 	0.3675182734 	1.424e-01 	
763 	0.3677680489 	0.3677680489 	1.422e-01 	
827 	0.367672389 	0.367672389 	1.423e-01 	
15 	0.3678410629 	0.3678410629 	1.422e-01 	
870 	0.3672759954 	0.3672759954 	1.426e-01 	
289 	0.3676524336 	0.3676524336 	1.423e-01 	
1910 	0.3681096614 	0.3681096614 	1.420e-01 	
1995 	0.3678666777 	0.3678666777 	1.422e-01 	
897 	0.368286923 	0.368286923 	1.418e-01 	
1048 	0.3685658844 	0.3685658844 	1.416e-01 	
843 	0.3683399318 	0.3683399318 	1.418e-01 	
1905 	0.3702631358 	0.3702631358 	1.404e-01 	
781 	0.3697359563 	0.3697359563 	1.408e-01 	
254 	0.369300651 	0.369300651 	1.411e-01 	
1746 	0.3695174426 	0.3695174426 	1.409e-01 	
1204 	0.3707972957 	0.3707972957 	1.400e-01 	
1330 	0.3729827014 	0.3729827014 	1.383e-01 	
582 	0.3710731365 	0.3710731365 	1.398e-01 	
1532 	0.3690813958 	0.3690813958 	1.412e-01 	
1128 	0.3717347149 	0.3717347149 	1.393e-01 	
74 	0.3687642768 	0.3687642768 	1.415e-01 	
1951 	0.3690452885 	0.3690452885 	1.413e-01 	
398 	0.3701343416 	0.3701343416 	1.405e-01 	
258 	0.3690459933 	0.3690459933 	1.413e-01 	
1406 	0.3708249341 	0.3708249341 	1.399e-01 	
161 	0.3689667539 	0.3689667539 	1.413e-01 	
1821 	0.3718597905 	0.3718597905 	1.392e-01 	
996 	0.3729193389 	0.3729193389 	1.384e-01 	
311 	0.3725509918 	0.3725509918 	1.387e-01 	
772 	0.3711774408 	0.3711774408 	1.397e-01 	
1639 	0.3705679672 	0.3705679672 	1.401e-01 	
1673 	0.3709910176 	0.3709910176 	1.398e-01 	
1888 	0.3695861998 	0.3695861998 	1.409e-01 	
1514 	0.3707368288 	0.3707368288 	1.400e-01 	
145 	0.3705096453 	0.3705096453 	1.402e-01 	
1438 	0.3730963042 	0.3730963042 	1.383e-01 	
904 	0.373171044 	0.373171044 	1.382e-01 	
485 	0.3735080101 	0.3735080101 	1.380e-01 	
624 	0.3735991828 	0.3735991828 	1.379e-01 	
366 	0.3741968384 	0.3741968384 	1.375e-01 	
921 	0.3736174225 	0.3736174225 	1.379e-01 	
610 	0.3742482712 	0.3742482712 	1.374e-01 	
268 	0.3742595221 	0.3742595221 	1.374e-01 	
1818 	0.3743039393 	0.3743039393 	1.374e-01 	
1077 	0.3743209882 	0.3743209882 	1.374e-01 	
1247 	0.3744900825 	0.3744900825 	1.372e-01 	
330 	0.3745338173 	0.3745338173 	1.372e-01 	
855 	0.3745261508 	0.3745261508 	1.372e-01 	
631 	0.3749690437 	0.3749690437 	1.369e-01 	
599 	0.374759594 	0.374759594 	1.371e-01 	
37 	0.3751152722 	0.3751152722 	1.368e-01 	
1244 	0.3750979076 	0.3750979076 	1.368e-01 	
1692 	0.3754259668 	0.3754259668 	1.366e-01 	
1762 	0.3754945734 	0.3754945734 	1.365e-01 	
204 	0.3753185186 	0.3753185186 	1.366e-01 	
243 	0.3753126944 	0.3753126944 	1.366e-01 	
1671 	0.3755827418 	0.3755827418 	1.365e-01 	
1776 	0.3760954707 	0.3760954707 	1.361e-01 	
232 	0.3756347239 	0.3756347239 	1.364e-01 	
1315 	0.3756844847 	0.3756844847 	1.364e-01 	
1622 	0.3764339447 	0.3764339447 	1.358e-01 	
521 	0.3765355784 	0.3765355784 	1.358e-01 	
6 	0.375669409 	0.375669409 	1.364e-01 	
557 	0.3771042873 	0.3771042873 	1.354e-01 	
127 	0.3765702547 	0.3765702547 	1.357e-01 	
361 	0.3771323092 	0.3771323092 	1.353e-01 	
467 	0.3774257967 	0.3774257967 	1.351e-01 	
623 	0.3774644369 	0.3774644369 	1.351e-01 	
1195 	0.3776189147 	0.3776189147 	1.350e-01 	
613 	0.377871647 	0.377871647 	1.348e-01 	
591 	0.3778805054 	0.3778805054 	1.348e-01 	
1041 	0.3782981501 	0.3782981501 	1.345e-01 	
1424 	0.3781607433 	0.3781607433 	1.346e-01 	
1118 	0.3788281653 	0.3788281653 	1.341e-01 	
1771 	0.3784446863 	0.3784446863 	1.344e-01 	
1308 	0.3778916046 	0.3778916046 	1.348e-01 	
447 	0.3790473195 	0.3790473195 	1.340e-01 	
1942 	0.3794047762 	0.3794047762 	1.337e-01 	
67 	0.3800687239 	0.3800687239 	1.332e-01 	
463 	0.3789537209 	0.3789537209 	1.340e-01 	
526 	0.3801896352 	0.3801896352 	1.332e-01 	
1507 	0.3812104505 	0.3812104505 	1.324e-01 	
708 	0.3809283716 	0.3809283716 	1.326e-01 	
78 	0.3811486827 	0.3811486827 	1.325e-01 	
1329 	0.3812611919 	0.3812611919 	1.324e-01 	
187 	0.3820259524 	0.3820259524 	1.319e-01 	
1748 	0.381521011 	0.381521011 	1.322e-01 	
1046 	0.3828032229 	0.3828032229 	1.313e-01 	
109 	0.3832640694 	0.3832640694 	1.310e-01 	
902 	0.3818769564 	0.3818769564 	1.320e-01 	
1010 	0.3834127481 	0.3834127481 	1.309e-01 	
1863 	0.3849377663 	0.3849377663 	1.298e-01 	
1178 	0.3841961331 	0.3841961331 	1.304e-01 	
8 	0.3826278659 	0.3826278659 	1.315e-01 	
691 	0.3822962213 	0.3822962213 	1.317e-01 	
456 	0.3831648258 	0.3831648258 	1.311e-01 	
279 	0.3833969405 	0.3833969405 	1.309e-01 	
1172 	0.3849643045 	0.3849643045 	1.298e-01 	
1287 	0.3849959997 	0.3849959997 	1.298e-01 	
1653 	0.3837623818 	0.3837623818 	1.307e-01 	
34 	0.3839154994 	0.3839154994 	1.306e-01 	
1597 	0.3841749671 	0.3841749671 	1.304e-01 	
1146 	0.3841619504 	0.3841619504 	1.304e-01 	
1370 	0.3850794582 	0.3850794582 	1.298e-01 	
698 	0.3850769739 	0.3850769739 	1.298e-01 	
1023 	0.386418815 	0.386418815 	1.288e-01 	
1251 	0.3853221918 	0.3853221918 	1.296e-01 	
1525 	0.3860601625 	0.3860601625 	1.291e-01 	
666 	0.3855046585 	0.3855046585 	1.295e-01 	
680 	0.3860293541 	0.3860293541 	1.291e-01 	
543 	0.386495159 	0.386495159 	1.288e-01 	
16 	0.3865161364 	0.3865161364 	1.288e-01 	
652 	0.3866700471 	0.3866700471 	1.287e-01 	
1835 	0.3868894245 	0.3868894245 	1.285e-01 	
1699 	0.3874925292 	0.3874925292 	1.281e-01 	
132 	0.3875180618 	0.3875180618 	1.281e-01 	
1566 	0.3876735337 	0.3876735337 	1.280e-01 	
1200 	0.3876738552 	0.3876738552 	1.280e-01 	
1617 	0.3878165291 	0.3878165291 	1.279e-01 	
1677 	0.3877481495 	0.3877481495 	1.279e-01 	
1225 	0.3878402169 	0.3878402169 	1.279e-01 	
1149 	0.3888474744 	0.3888474744 	1.272e-01 	
1284 	0.3891477663 	0.3891477663 	1.270e-01 	
1298 	0.3885823352 	0.3885823352 	1.274e-01 	
509 	0.3879843083 	0.3879843083 	1.278e-01 	
48 	0.3879558258 	0.3879558258 	1.278e-01 	
834 	0.3892641543 	0.3892641543 	1.269e-01 	
1944 	0.3893554568 	0.3893554568 	1.268e-01 	
1843 	0.3895484073 	0.3895484073 	1.267e-01 	
628 	0.3896914531 	0.3896914531 	1.266e-01 	
721 	0.3897962027 	0.3897962027 	1.265e-01 	
77 	0.390535295 	0.390535295 	1.261e-01 	
1257 	0.3910620949 	0.3910620949 	1.257e-01 	
1087 	0.3908076215 	0.3908076215 	1.259e-01 	
813 	0.3898639676 	0.3898639676 	1.265e-01 	
1186 	0.3912663449 	0.3912663449 	1.256e-01 	
73 	0.3913520285 	0.3913520285 	1.255e-01 	
940 	0.3921141828 	0.3921141828 	1.250e-01 	
1265 	0.3924702936 	0.3924702936 	1.248e-01 	
697 	0.3925021717 	0.3925021717 	1.247e-01 	
1878 	0.3921880766 	0.3921880766 	1.250e-01 	
865 	0.3921886165 	0.3921886165 	1.250e-01 	
575 	0.3925762766 	0.3925762766 	1.247e-01 	
1576 	0.3927879754 	0.3927879754 	1.246e-01 	
1627 	0.3929486856 	0.3929486856 	1.244e-01 	
1877 	0.3931291409 	0.3931291409 	1.243e-01 	
1485 	0.3932176702 	0.3932176702 	1.243e-01 	
1811 	0.3933138661 	0.3933138661 	1.242e-01 	
1544 	0.3931885009 	0.3931885009 	1.243e-01 	
1966 	0.3935953021 	0.3935953021 	1.240e-01 	
308 	0.3941647587 	0.3941647587 	1.236e-01 	
778 	0.3942336554 	0.3942336554 	1.236e-01 	
149 	0.3949318166 	0.3949318166 	1.231e-01 	
809 	0.3941775267 	0.3941775267 	1.236e-01 	
1207 	0.3944322819 	0.3944322819 	1.235e-01 	
1401 	0.3943123563 	0.3943123563 	1.236e-01 	
753 	0.3956553111 	0.3956553111 	1.227e-01 	
351 	0.3958813492 	0.3958813492 	1.225e-01 	
1334 	0.3964335654 	0.3964335654 	1.222e-01 	
745 	0.3975138171 	0.3975138171 	1.215e-01 	
1594 	0.397630958 	0.397630958 	1.214e-01 	
771 	0.3981143338 	0.3981143338 	1.211e-01 	
1446 	0.3964612407 	0.3964612407 	1.222e-01 	
853 	0.398414353 	0.398414353 	1.209e-01 	
1934 	0.3988658605 	0.3988658605 	1.206e-01 	
828 	0.396775337 	0.396775337 	1.219e-01 	
50 	0.3971401376 	0.3971401376 	1.217e-01 	
722 	0.3996875707 	0.3996875707 	1.201e-01 	
958 	0.3997542461 	0.3997542461 	1.200e-01 	
1552 	0.3936511498 	0.3936511498 	1.240e-01 	
267 	0.400031106 	0.400031106 	1.199e-01 	
1373 	0.3998960195 	0.3998960195 	1.199e-01 	
1601 	0.400443491 	0.400443491 	1.196e-01 	
167 	0.4003414302 	0.4003414302 	1.197e-01 	
1989 	0.4008151214 	0.4008151214 	1.194e-01 	
384 	0.393840368 	0.393840368 	1.239e-01 	
1964 	0.4002978809 	0.4002978809 	1.197e-01 	
1316 	0.4006483635 	0.4006483635 	1.195e-01 	
1600 	0.4010146177 	0.4010146177 	1.192e-01 	
376 	0.4010445755 	0.4010445755 	1.192e-01 	
1854 	0.40139972 	0.40139972 	1.190e-01 	
1132 	0.3957940966 	0.3957940966 	1.226e-01 	
696 	0.4009806839 	0.4009806839 	1.193e-01 	
1923 	0.4009627217 	0.4009627217 	1.193e-01 	
135 	0.4018082685 	0.4018082685 	1.187e-01 	
1307 	0.4017525905 	0.4017525905 	1.188e-01 	
411 	0.4016911577 	0.4016911577 	1.188e-01 	
1419 	0.4024854204 	0.4024854204 	1.183e-01 	
1482 	0.4037415055 	0.4037415055 	1.175e-01 	
477 	0.4026677064 	0.4026677064 	1.182e-01 	
1766 	0.4033053653 	0.4033053653 	1.178e-01 	
981 	0.4040695921 	0.4040695921 	1.173e-01 	
294 	0.4045439637 	0.4045439637 	1.170e-01 	
1409 	0.4039107877 	0.4039107877 	1.174e-01 	
1480 	0.4059707128 	0.4059707128 	1.161e-01 	
217 	0.4066200076 	0.4066200076 	1.157e-01 	
1199 	0.4064128867 	0.4064128867 	1.159e-01 	
1460 	0.4056216179 	0.4056216179 	1.164e-01 	
1056 	0.4057688708 	0.4057688708 	1.163e-01 	
55 	0.4067002967 	0.4067002967 	1.157e-01 	
1435 	0.4057697878 	0.4057697878 	1.163e-01 	
305 	0.4061267991 	0.4061267991 	1.160e-01 	
1836 	0.4070999063 	0.4070999063 	1.155e-01 	
438 	0.4086890488 	0.4086890488 	1.145e-01 	
1503 	0.4068529354 	0.4068529354 	1.156e-01 	
1441 	0.4067075804 	0.4067075804 	1.157e-01 	
879 	0.4087223897 	0.4087223897 	1.145e-01 	
420 	0.4087802824 	0.4087802824 	1.144e-01 	
1063 	0.4072291378 	0.4072291378 	1.154e-01 	
1706 	0.4097206817 	0.4097206817 	1.139e-01 	
1486 	0.4107464087 	0.4107464087 	1.132e-01 	
333 	0.4116205047 	0.4116205047 	1.127e-01 	
568 	0.4118725218 	0.4118725218 	1.126e-01 	
577 	0.4117107949 	0.4117107949 	1.127e-01 	
598 	0.4120087686 	0.4120087686 	1.125e-01 	
1184 	0.4129828663 	0.4129828663 	1.119e-01 	
642 	0.4128753755 	0.4128753755 	1.120e-01 	
953 	0.4133179266 	0.4133179266 	1.117e-01 	
89 	0.4126685694 	0.4126685694 	1.121e-01 	
406 	0.4137674479 	0.4137674479 	1.114e-01 	
1856 	0.4145863358 	0.4145863358 	1.110e-01 	
178 	0.412207195 	0.412207195 	1.124e-01 	
837 	0.4122480095 	0.4122480095 	1.123e-01 	
344 	0.4116633572 	0.4116633572 	1.127e-01 	
1903 	0.4124063261 	0.4124063261 	1.122e-01 	
1318 	0.4104515437 	0.4104515437 	1.134e-01 	
1274 	0.414702231 	0.414702231 	1.109e-01 	
967 	0.4127260175 	0.4127260175 	1.121e-01 	
796 	0.4127475569 	0.4127475569 	1.120e-01 	
1858 	0.4147617683 	0.4147617683 	1.109e-01 	
1445 	0.412158334 	0.412158334 	1.124e-01 	
1720 	0.4151502536 	0.4151502536 	1.106e-01 	
1980 	0.4157286762 	0.4157286762 	1.103e-01 	
814 	0.4159154309 	0.4159154309 	1.102e-01 	
701 	0.4159453759 	0.4159453759 	1.102e-01 	
1729 	0.4167781775 	0.4167781775 	1.097e-01 	
830 	0.4170799582 	0.4170799582 	1.095e-01 	
978 	0.4171570897 	0.4171570897 	1.095e-01 	
747 	0.4188053509 	0.4188053509 	1.085e-01 	
1604 	0.4175197338 	0.4175197338 	1.092e-01 	
1061 	0.4191432293 	0.4191432293 	1.083e-01 	
1107 	0.4195260571 	0.4195260571 	1.081e-01 	
99 	0.4195883197 	0.4195883197 	1.081e-01 	
726 	0.4197936617 	0.4197936617 	1.079e-01 	
220 	0.4199164586 	0.4199164586 	1.079e-01 	
346 	0.4218146129 	0.4218146129 	1.068e-01 	
1079 	0.4211635916 	0.4211635916 	1.072e-01 	
554 	0.415558148 	0.415558148 	1.104e-01 	
1073 	0.4221740736 	0.4221740736 	1.066e-01 	
1230 	0.4218355211 	0.4218355211 	1.068e-01 	
1074 	0.4229993303 	0.4229993303 	1.061e-01 	
339 	0.4202273729 	0.4202273729 	1.077e-01 	
506 	0.4230497207 	0.4230497207 	1.061e-01 	
256 	0.4239619244 	0.4239619244 	1.056e-01 	
619 	0.4236198617 	0.4236198617 	1.058e-01 	
299 	0.4237880557 	0.4237880557 	1.057e-01 	
915 	0.4240629508 	0.4240629508 	1.055e-01 	
1113 	0.4243990855 	0.4243990855 	1.053e-01 	
1154 	0.425541988 	0.425541988 	1.047e-01 	
1189 	0.4241844966 	0.4241844966 	1.055e-01 	
494 	0.4251492762 	0.4251492762 	1.049e-01 	
222 	0.4258090854 	0.4258090854 	1.045e-01 	
200 	0.4257644763 	0.4257644763 	1.046e-01 	
1529 	0.4262196941 	0.4262196941 	1.043e-01 	
1949 	0.4258718254 	0.4258718254 	1.045e-01 	
868 	0.4263361503 	0.4263361503 	1.043e-01 	
1100 	0.4261159432 	0.4261159432 	1.044e-01 	
1267 	0.426015219 	0.426015219 	1.044e-01 	
1578 	0.4273651844 	0.4273651844 	1.037e-01 	
240 	0.4275243954 	0.4275243954 	1.036e-01 	
1648 	0.4276456287 	0.4276456287 	1.035e-01 	
1139 	0.4277208666 	0.4277208666 	1.035e-01 	
1767 	0.4280930562 	0.4280930562 	1.033e-01 	
92 	0.4288856747 	0.4288856747 	1.029e-01 	
1395 	0.4290879665 	0.4290879665 	1.027e-01 	
479 	0.4296738933 	0.4296738933 	1.024e-01 	
1357 	0.4294316038 	0.4294316038 	1.026e-01 	
848 	0.4308950327 	0.4308950327 	1.018e-01 	
249 	0.4317478838 	0.4317478838 	1.013e-01 	
649 	0.4309949492 	0.4309949492 	1.017e-01 	
596 	0.4324298057 	0.4324298057 	1.009e-01 	
1694 	0.4327077544 	0.4327077544 	1.008e-01 	
181 	0.4331879269 	0.4331879269 	1.005e-01 	
1024 	0.4332511328 	0.4332511328 	1.005e-01 	
1961 	0.433259736 	0.433259736 	1.005e-01 	
436 	0.4343012371 	0.4343012371 	9.994e-02 	
1732 	0.4339835447 	0.4339835447 	1.001e-01 	
104 	0.4356774589 	0.4356774589 	9.922e-02 	
407 	0.4357392492 	0.4357392492 	9.918e-02 	
160 	0.4350331427 	0.4350331427 	9.956e-02 	
906 	0.4377925385 	0.4377925385 	9.811e-02 	
1994 	0.4376408544 	0.4376408544 	9.819e-02 	
573 	0.4310444863 	0.4310444863 	1.017e-01 	
1709 	0.4374635245 	0.4374635245 	9.828e-02 	
1659 	0.4367941781 	0.4367941781 	9.863e-02 	
1044 	0.438111215 	0.438111215 	9.794e-02 	
237 	0.4364563623 	0.4364563623 	9.881e-02 	
348 	0.43904607 	0.43904607 	9.746e-02 	
1571 	0.4392434451 	0.4392434451 	9.736e-02 	
1169 	0.4391793957 	0.4391793957 	9.739e-02 	
1102 	0.4386047271 	0.4386047271 	9.769e-02 	
1197 	0.4408510652 	0.4408510652 	9.653e-02 	
963 	0.4404742468 	0.4404742468 	9.672e-02 	
84 	0.440971652 	0.440971652 	9.647e-02 	
839 	0.441029949 	0.441029949 	9.644e-02 	
899 	0.4404704678 	0.4404704678 	9.673e-02 	
1986 	0.4416777156 	0.4416777156 	9.611e-02 	
1833 	0.4422180826 	0.4422180826 	9.583e-02 	
1344 	0.4423981375 	0.4423981375 	9.574e-02 	
976 	0.4413376085 	0.4413376085 	9.628e-02 	
1636 	0.4433159916 	0.4433159916 	9.528e-02 	
1167 	0.4424610183 	0.4424610183 	9.571e-02 	
1781 	0.4442185882 	0.4442185882 	9.482e-02 	
611 	0.443189573 	0.443189573 	9.534e-02 	
524 	0.4439111328 	0.4439111328 	9.498e-02 	
441 	0.4456220914 	0.4456220914 	9.412e-02 	
738 	0.4452208814 	0.4452208814 	9.432e-02 	
1122 	0.4439718613 	0.4439718613 	9.495e-02 	
1454 	0.447388203 	0.447388203 	9.324e-02 	
1734 	0.4481196397 	0.4481196397 	9.288e-02 	
1352 	0.4465589271 	0.4465589271 	9.365e-02 	
734 	0.4482974916 	0.4482974916 	9.279e-02 	
560 	0.4466871962 	0.4466871962 	9.359e-02 	
1737 	0.4491499438 	0.4491499438 	9.237e-02 	
856 	0.4500990819 	0.4500990819 	9.191e-02 	
59 	0.4502037419 	0.4502037419 	9.186e-02 	
1816 	0.4502454466 	0.4502454466 	9.184e-02 	
1426 	0.4503169463 	0.4503169463 	9.180e-02 	
1495 	0.4505786934 	0.4505786934 	9.168e-02 	
993 	0.4517067796 	0.4517067796 	9.113e-02 	
679 	0.4509010752 	0.4509010752 	9.152e-02 	
1787 	0.45182253 	0.45182253 	9.107e-02 	
186 	0.4520318241 	0.4520318241 	9.097e-02 	
1867 	0.452238123 	0.452238123 	9.087e-02 	
474 	0.450617221 	0.450617221 	9.166e-02 	
1299 	0.4540467575 	0.4540467575 	9.001e-02 	
1953 	0.4527106674 	0.4527106674 	9.065e-02 	
770 	0.453934974 	0.453934974 	9.006e-02 	
310 	0.4562761046 	0.4562761046 	8.895e-02 	
593 	0.4546628781 	0.4546628781 	8.971e-02 	
711 	0.4544066135 	0.4544066135 	8.984e-02 	
1704 	0.4585502756 	0.4585502756 	8.788e-02 	
481 	0.4547624601 	0.4547624601 	8.967e-02 	
394 	0.4586760256 	0.4586760256 	8.782e-02 	
789 	0.4565756749 	0.4565756749 	8.881e-02 	
989 	0.4597629103 	0.4597629103 	8.732e-02 	
1404 	0.4576001674 	0.4576001674 	8.833e-02 	
101 	0.4602250146 	0.4602250146 	8.711e-02 	
433 	0.4595848885 	0.4595848885 	8.740e-02 	
1927 	0.4605652734 	0.4605652734 	8.695e-02 	
850 	0.4606001467 	0.4606001467 	8.693e-02 	
389 	0.4608358447 	0.4608358447 	8.682e-02 	
1828 	0.460977188 	0.460977188 	8.676e-02 	
1707 	0.4615785358 	0.4615785358 	8.648e-02 	
1222 	0.4616560832 	0.4616560832 	8.645e-02 	
513 	0.4618410973 	0.4618410973 	8.636e-02 	
1180 	0.4626505626 	0.4626505626 	8.599e-02 	
1698 	0.4639701373 	0.4639701373 	8.539e-02 	
1686 	0.4643863496 	0.4643863496 	8.520e-02 	
1679 	0.4640506583 	0.4640506583 	8.536e-02 	
759 	0.4637835013 	0.4637835013 	8.548e-02 	
1789 	0.4648762404 	0.4648762404 	8.498e-02 	
1784 	0.4618259177 	0.4618259177 	8.637e-02 	
1558 	0.4651989303 	0.4651989303 	8.484e-02 	
1393 	0.4645924453 	0.4645924453 	8.511e-02 	
779 	0.4647738557 	0.4647738557 	8.503e-02 	
4 	0.4661322752 	0.4661322752 	8.442e-02 	
719 	0.4670485624 	0.4670485624 	8.401e-02 	
1534 	0.4645636133 	0.4645636133 	8.512e-02 	
1477 	0.4678873067 	0.4678873067 	8.364e-02 	
693 	0.4700643218 	0.4700643218 	8.268e-02 	
134 	0.4711758198 	0.4711758198 	8.219e-02 	
392 	0.465621774 	0.465621774 	8.465e-02 	
815 	0.47173438 	0.47173438 	8.195e-02 	
14 	0.4700914412 	0.4700914412 	8.267e-02 	
1185 	0.4672918444 	0.4672918444 	8.390e-02 	
466 	0.4726760544 	0.4726760544 	8.154e-02 	
1033 	0.4680093292 	0.4680093292 	8.358e-02 	
358 	0.4740322528 	0.4740322528 	8.096e-02 	
1813 	0.4734188345 	0.4734188345 	8.122e-02 	
516 	0.4725375795 	0.4725375795 	8.160e-02 	
1004 	0.4746850703 	0.4746850703 	8.068e-02 	
316 	0.4676124587 	0.4676124587 	8.376e-02 	
1104 	0.4761070288 	0.4761070288 	8.007e-02 	
53 	0.4668694013 	0.4668694013 	8.409e-02 	
1612 	0.4679510854 	0.4679510854 	8.361e-02 	
1277 	0.4738181774 	0.4738181774 	8.105e-02 	
1064 	0.4771992205 	0.4771992205 	7.961e-02 	
873 	0.4785732604 	0.4785732604 	7.903e-02 	
209 	0.4784026814 	0.4784026814 	7.910e-02 	
1799 	0.4743680047 	0.4743680047 	8.081e-02 	
1306 	0.4790370232 	0.4790370232 	7.884e-02 	
169 	0.4783451671 	0.4783451671 	7.912e-02 	
1138 	0.4781148907 	0.4781148907 	7.922e-02 	
1228 	0.4791123942 	0.4791123942 	7.880e-02 	
959 	0.4754937118 	0.4754937118 	8.033e-02 	
1936 	0.4791515207 	0.4791515207 	7.879e-02 	
974 	0.4809905511 	0.4809905511 	7.802e-02 	
950 	0.4810535893 	0.4810535893 	7.800e-02 	
1147 	0.4803971889 	0.4803971889 	7.827e-02 	
475 	0.4822036295 	0.4822036295 	7.752e-02 	
894 	0.4830382828 	0.4830382828 	7.718e-02 	
982 	0.4831765289 	0.4831765289 	7.712e-02 	
1754 	0.485703308 	0.485703308 	7.610e-02 	
269 	0.483980118 	0.483980118 	7.680e-02 	
1223 	0.4852867651 	0.4852867651 	7.627e-02 	
1304 	0.4866431916 	0.4866431916 	7.572e-02 	
618 	0.4868928251 	0.4868928251 	7.562e-02 	
426 	0.488641069 	0.488641069 	7.492e-02 	
1524 	0.486817777 	0.486817777 	7.565e-02 	
1439 	0.4887333988 	0.4887333988 	7.488e-02 	
259 	0.4891581173 	0.4891581173 	7.472e-02 	
179 	0.4892770747 	0.4892770747 	7.467e-02 	
926 	0.4901811029 	0.4901811029 	7.431e-02 	
1579 	0.4904182722 	0.4904182722 	7.422e-02 	
563 	0.4908442502 	0.4908442502 	7.405e-02 	
1469 	0.4896464839 	0.4896464839 	7.452e-02 	
1987 	0.4908729495 	0.4908729495 	7.404e-02 	
224 	0.4912805944 	0.4912805944 	7.388e-02 	
324 	0.4914616225 	0.4914616225 	7.381e-02 	
1449 	0.492597244 	0.492597244 	7.336e-02 	
336 	0.4914691882 	0.4914691882 	7.381e-02 	
883 	0.492816983 	0.492816983 	7.328e-02 	
1027 	0.4936859124 	0.4936859124 	7.294e-02 	
1049 	0.4929102677 	0.4929102677 	7.324e-02 	
1884 	0.4971377171 	0.4971377171 	7.162e-02 	
933 	0.4971160198 	0.4971160198 	7.163e-02 	
194 	0.497414831 	0.497414831 	7.151e-02 	
1661 	0.4975971411 	0.4975971411 	7.145e-02 	
800 	0.4980560029 	0.4980560029 	7.127e-02 	
717 	0.4982940603 	0.4982940603 	7.118e-02 	
1214 	0.5005793913 	0.5005793913 	7.032e-02 	
518 	0.49867279 	0.49867279 	7.104e-02 	
1588 	0.5002406438 	0.5002406438 	7.045e-02 	
79 	0.503567706 	0.503567706 	6.922e-02 	
1631 	0.5010334881 	0.5010334881 	7.016e-02 	
644 	0.5032991037 	0.5032991037 	6.932e-02 	
584 	0.5036428011 	0.5036428011 	6.919e-02 	
152 	0.5049248802 	0.5049248802 	6.872e-02 	
455 	0.5055371868 	0.5055371868 	6.850e-02 	
951 	0.5048935132 	0.5048935132 	6.873e-02 	
1336 	0.5050123047 	0.5050123047 	6.869e-02 	
820 	0.5040488546 	0.5040488546 	6.904e-02 	
1121 	0.5061334043 	0.5061334043 	6.828e-02 	
1918 	0.5066454208 	0.5066454208 	6.810e-02 	
1713 	0.5057796934 	0.5057796934 	6.841e-02 	
1387 	0.5054970383 	0.5054970383 	6.851e-02 	
1194 	0.5072394195 	0.5072394195 	6.788e-02 	
1742 	0.5073226286 	0.5073226286 	6.785e-02 	
119 	0.5076976288 	0.5076976288 	6.772e-02 	
449 	0.5079198654 	0.5079198654 	6.764e-02 	
773 	0.5099559747 	0.5099559747 	6.691e-02 	
239 	0.5106163917 	0.5106163917 	6.668e-02 	
1359 	0.5142079674 	0.5142079674 	6.542e-02 	
530 	0.51238818 	0.51238818 	6.606e-02 	
608 	0.5096500255 	0.5096500255 	6.702e-02 	
678 	0.5148704545 	0.5148704545 	6.519e-02 	
1798 	0.5136970432 	0.5136970432 	6.560e-02 	
1494 	0.5175715602 	0.5175715602 	6.426e-02 	
1997 	0.5194428566 	0.5194428566 	6.363e-02 	
1034 	0.5179275338 	0.5179275338 	6.414e-02 	
863 	0.5233258631 	0.5233258631 	6.233e-02 	
373 	0.5217342548 	0.5217342548 	6.286e-02 	
1970 	0.5226509033 	0.5226509033 	6.256e-02 	
1420 	0.5236739013 	0.5236739013 	6.222e-02 	
1979 	0.5261389719 	0.5261389719 	6.141e-02 	
1364 	0.5235848464 	0.5235848464 	6.225e-02 	
1483 	0.5303178918 	0.5303178918 	6.006e-02 	
785 	0.5294453234 	0.5294453234 	6.034e-02 	
539 	0.5242093278 	0.5242093278 	6.204e-02 	
1237 	0.5293221893 	0.5293221893 	6.038e-02 	
1279 	0.5309489421 	0.5309489421 	5.986e-02 	
44 	0.5260730876 	0.5260730876 	6.143e-02 	
419 	0.5313366182 	0.5313366182 	5.974e-02 	
429 	0.5322769736 	0.5322769736 	5.944e-02 	
1689 	0.5325964018 	0.5325964018 	5.934e-02 	
1378 	0.5348185513 	0.5348185513 	5.865e-02 	
286 	0.5345235747 	0.5345235747 	5.874e-02 	
1541 	0.535925685 	0.535925685 	5.830e-02 	
1901 	0.5367877382 	0.5367877382 	5.804e-02 	
1559 	0.5410515278 	0.5410515278 	5.674e-02 	
916 	0.542217104 	0.542217104 	5.639e-02 	
764 	0.5391755723 	0.5391755723 	5.731e-02 	
353 	0.5440627212 	0.5440627212 	5.584e-02 	
496 	0.5431408362 	0.5431408362 	5.612e-02 	
1959 	0.5460156316 	0.5460156316 	5.527e-02 	
633 	0.5472779269 	0.5472779269 	5.490e-02 	
98 	0.5444106914 	0.5444106914 	5.574e-02 	
229 	0.5509780667 	0.5509780667 	5.383e-02 	
174 	0.5456964603 	0.5456964603 	5.536e-02 	
939 	0.5566159054 	0.5566159054 	5.225e-02 	
714 	0.555427378 	0.555427378 	5.258e-02 	
203 	0.5565026074 	0.5565026074 	5.228e-02 	
1664 	0.5457212319 	0.5457212319 	5.535e-02 	
1538 	0.5542474236 	0.5542474236 	5.291e-02 	
1432 	0.5605378658 	0.5605378658 	5.117e-02 	
118 	0.5598100546 	0.5598100546 	5.137e-02 	
1646 	0.5575947412 	0.5575947412 	5.197e-02 	
1891 	0.5675685229 	0.5675685229 	4.930e-02 	
29 	0.5702478411 	0.5702478411 	4.860e-02 	
1289 	0.5475471628 	0.5475471628 	5.482e-02 	
936 	0.5706299024 	0.5706299024 	4.850e-02 	
359 	0.5719976458 	0.5719976458 	4.815e-02 	
890 	0.5640781537 	0.5640781537 	5.022e-02 	
1840 	0.5603471038 	0.5603471038 	5.122e-02 	
1873 	0.5758883618 	0.5758883618 	4.717e-02 	
1919 	0.5773242948 	0.5773242948 	4.681e-02 	
1252 	0.5864410633 	0.5864410633 	4.460e-02 	
969 	0.5609235317 	0.5609235317 	5.107e-02 	
1850 	0.6068768532 	0.6068768532 	4.002e-02 	
1016 	0.6010629125 	0.6010629125 	4.127e-02 	
1583 	0.5873752974 	0.5873752974 	4.438e-02 	
1747 	0.5805017337 	0.5805017337 	4.603e-02 	
1793 	0.59472208 	0.59472208 	4.269e-02 	
1381 	0.5852415691 	0.5852415691 	4.489e-02 	
1126 	0.6109118162 	0.6109118162 	3.917e-02 	
1456 	0.6457888322 	0.6457888322 	3.256e-02 	
412 	0.634896128 	0.634896128 	3.450e-02 	
155 	0.6666853796 	0.6666853796 	2.914e-02 	
