num 	nn0 	nn0 	age_value 
1226 	0.09244698058 	0.09244698058 	4.975979e-03 	
1598 	0.09257989312 	0.09257989312 	4.975979e-03 	
669 	0.07593175887 	0.07593175887 	4.975979e-03 	
1667 	0.06384186281 	0.06384186281 	4.975979e-03 	
833 	0.08679788653 	0.08679788653 	4.975979e-03 	
1369 	0.09707256805 	0.09707256805 	4.975979e-03 	
1175 	0.07632966997 	0.07632966997 	4.975979e-03 	
1938 	0.107656394 	0.107656394 	4.975979e-03 	
999 	0.1134148365 	0.1134148365 	4.975979e-03 	
1976 	0.09884301963 	0.09884301963 	4.975979e-03 	
416 	0.1139612011 	0.1139612011 	4.975979e-03 	
578 	0.114582177 	0.114582177 	4.975979e-03 	
276 	0.1166763525 	0.1166763525 	4.975979e-03 	
957 	0.1180042274 	0.1180042274 	4.975979e-03 	
293 	0.1185444443 	0.1185444443 	4.975979e-03 	
1500 	0.1193130461 	0.1193130461 	4.975979e-03 	
1517 	0.1290305752 	0.1290305752 	4.975979e-03 	
852 	0.1281716253 	0.1281716253 	4.975979e-03 	
500 	0.1234135904 	0.1234135904 	4.975979e-03 	
1262 	0.1231319821 	0.1231319821 	4.975979e-03 	
964 	0.1310014911 	0.1310014911 	4.975979e-03 	
1860 	0.1299218791 	0.1299218791 	4.975979e-03 	
88 	0.1242929655 	0.1242929655 	4.975979e-03 	
499 	0.132207686 	0.132207686 	4.975979e-03 	
810 	0.1324005173 	0.1324005173 	4.975979e-03 	
1965 	0.1329588593 	0.1329588593 	4.975979e-03 	
1853 	0.1362592187 	0.1362592187 	4.975979e-03 	
1768 	0.1409302699 	0.1409302699 	4.975979e-03 	
1915 	0.1414096197 	0.1414096197 	4.975979e-03 	
1499 	0.1416477232 	0.1416477232 	4.975979e-03 	
1607 	0.1438771092 	0.1438771092 	4.975979e-03 	
355 	0.1452644188 	0.1452644188 	4.975979e-03 	
1039 	0.146346003 	0.146346003 	4.975979e-03 	
1751 	0.1466814459 	0.1466814459 	4.975979e-03 	
1423 	0.1476744945 	0.1476744945 	4.975979e-03 	
1946 	0.1499419677 	0.1499419677 	4.975979e-03 	
1114 	0.1479839761 	0.1479839761 	4.975979e-03 	
758 	0.1526105923 	0.1526105923 	4.975979e-03 	
1990 	0.1523503116 	0.1523503116 	4.975979e-03 	
529 	0.1510867735 	0.1510867735 	4.975979e-03 	
880 	0.1531074268 	0.1531074268 	4.975979e-03 	
875 	0.1531118717 	0.1531118717 	4.975979e-03 	
803 	0.1533486333 	0.1533486333 	4.975979e-03 	
1481 	0.1543233659 	0.1543233659 	4.975979e-03 	
334 	0.1534042152 	0.1534042152 	4.975979e-03 	
1929 	0.1548732639 	0.1548732639 	4.975979e-03 	
478 	0.1559304199 	0.1559304199 	4.975979e-03 	
304 	0.1560421303 	0.1560421303 	4.975979e-03 	
415 	0.1561756732 	0.1561756732 	4.975979e-03 	
553 	0.1587739344 	0.1587739344 	4.975979e-03 	
1356 	0.1592197992 	0.1592197992 	4.975979e-03 	
1296 	0.1593571409 	0.1593571409 	4.975979e-03 	
1861 	0.159389895 	0.159389895 	4.975979e-03 	
956 	0.1611825007 	0.1611825007 	4.975979e-03 	
1606 	0.1644867515 	0.1644867515 	4.975979e-03 	
1744 	0.1644080482 	0.1644080482 	4.975979e-03 	
1096 	0.1617814102 	0.1617814102 	4.975979e-03 	
218 	0.1624039814 	0.1624039814 	4.975979e-03 	
1442 	0.1640930822 	0.1640930822 	4.975979e-03 	
767 	0.1654538312 	0.1654538312 	4.975979e-03 	
1839 	0.1665337106 	0.1665337106 	4.975979e-03 	
1382 	0.1634425626 	0.1634425626 	4.975979e-03 	
234 	0.1675650332 	0.1675650332 	4.975979e-03 	
592 	0.1676366451 	0.1676366451 	4.975979e-03 	
587 	0.1684948133 	0.1684948133 	4.975979e-03 	
954 	0.168626128 	0.168626128 	4.975979e-03 	
634 	0.1687749129 	0.1687749129 	4.975979e-03 	
1804 	0.169469776 	0.169469776 	4.975979e-03 	
285 	0.1706315861 	0.1706315861 	4.975979e-03 	
437 	0.1689010057 	0.1689010057 	4.975979e-03 	
142 	0.1708654222 	0.1708654222 	4.975979e-03 	
1058 	0.1714271506 	0.1714271506 	4.975979e-03 	
1705 	0.1713906599 	0.1713906599 	4.975979e-03 	
423 	0.1714628181 	0.1714628181 	4.975979e-03 	
1674 	0.1716446599 	0.1716446599 	4.975979e-03 	
1013 	0.1715614677 	0.1715614677 	4.975979e-03 	
374 	0.1722934036 	0.1722934036 	4.975979e-03 	
2 	0.173280315 	0.173280315 	4.975979e-03 	
1339 	0.1739591189 	0.1739591189 	4.975979e-03 	
103 	0.1740323498 	0.1740323498 	4.975979e-03 	
177 	0.1734503218 	0.1734503218 	4.975979e-03 	
1143 	0.1745453068 	0.1745453068 	4.975979e-03 	
768 	0.1745109139 	0.1745109139 	4.975979e-03 	
1347 	0.1743379562 	0.1743379562 	4.975979e-03 	
1384 	0.1750078508 	0.1750078508 	4.975979e-03 	
459 	0.1753253341 	0.1753253341 	4.975979e-03 	
1710 	0.1755249717 	0.1755249717 	4.975979e-03 	
1293 	0.1756517738 	0.1756517738 	4.975979e-03 	
395 	0.1758392187 	0.1758392187 	4.975979e-03 	
51 	0.175986913 	0.175986913 	4.975979e-03 	
401 	0.1764965342 	0.1764965342 	4.975979e-03 	
124 	0.1768113809 	0.1768113809 	4.975979e-03 	
11 	0.1771274491 	0.1771274491 	4.975979e-03 	
1060 	0.1774122504 	0.1774122504 	4.975979e-03 	
1555 	0.1784945801 	0.1784945801 	4.975979e-03 	
221 	0.1785789754 	0.1785789754 	4.975979e-03 	
515 	0.1788594684 	0.1788594684 	4.975979e-03 	
1157 	0.1804007398 	0.1804007398 	4.975979e-03 	
977 	0.1801680426 	0.1801680426 	4.975979e-03 	
489 	0.1807462625 	0.1807462625 	4.975979e-03 	
1537 	0.1797259952 	0.1797259952 	4.975979e-03 	
1797 	0.1815353313 	0.1815353313 	4.975979e-03 	
1642 	0.1820770678 	0.1820770678 	4.975979e-03 	
702 	0.1819242582 	0.1819242582 	4.975979e-03 	
1313 	0.1822765946 	0.1822765946 	4.975979e-03 	
1730 	0.1837792202 	0.1837792202 	4.975979e-03 	
1444 	0.1838699765 	0.1838699765 	4.975979e-03 	
760 	0.1841374877 	0.1841374877 	4.975979e-03 	
1832 	0.1847754233 	0.1847754233 	4.975979e-03 	
349 	0.1847886791 	0.1847886791 	4.975979e-03 	
1508 	0.1852340725 	0.1852340725 	4.975979e-03 	
1020 	0.1856078096 	0.1856078096 	4.975979e-03 	
146 	0.1860366755 	0.1860366755 	4.975979e-03 	
1451 	0.186234626 	0.186234626 	4.975979e-03 	
1229 	0.1872799566 	0.1872799566 	4.975979e-03 	
1902 	0.1875620583 	0.1875620583 	4.975979e-03 	
1823 	0.1878005807 	0.1878005807 	4.975979e-03 	
52 	0.1873397248 	0.1873397248 	4.975979e-03 	
572 	0.1877277403 	0.1877277403 	4.975979e-03 	
725 	0.1885886653 	0.1885886653 	4.975979e-03 	
1463 	0.1880343365 	0.1880343365 	4.975979e-03 	
12 	0.1886447889 	0.1886447889 	4.975979e-03 	
472 	0.1888748259 	0.1888748259 	4.975979e-03 	
95 	0.1902527527 	0.1902527527 	4.975979e-03 	
319 	0.1901480061 	0.1901480061 	4.975979e-03 	
182 	0.1904876139 	0.1904876139 	4.975979e-03 	
1999 	0.1910629411 	0.1910629411 	4.975979e-03 	
1414 	0.1913896151 	0.1913896151 	4.975979e-03 	
1733 	0.19243176 	0.19243176 	4.975979e-03 	
1663 	0.1917405024 	0.1917405024 	4.975979e-03 	
1649 	0.192468036 	0.192468036 	4.975979e-03 	
1190 	0.1929879944 	0.1929879944 	4.975979e-03 	
536 	0.1929949601 	0.1929949601 	4.975979e-03 	
105 	0.194373101 	0.194373101 	4.975979e-03 	
1761 	0.1933264334 	0.1933264334 	4.975979e-03 	
1908 	0.1945374354 	0.1945374354 	4.975979e-03 	
1775 	0.1943856054 	0.1943856054 	4.975979e-03 	
1962 	0.1946801432 	0.1946801432 	4.975979e-03 	
1302 	0.1948253745 	0.1948253745 	4.975979e-03 	
257 	0.1948475699 	0.1948475699 	4.975979e-03 	
1580 	0.1950401819 	0.1950401819 	4.975979e-03 	
1879 	0.1960800208 	0.1960800208 	4.975979e-03 	
1948 	0.1954515041 	0.1954515041 	4.975979e-03 	
1092 	0.1949618973 	0.1949618973 	4.975979e-03 	
1939 	0.1960862292 	0.1960862292 	4.975979e-03 	
570 	0.1962718638 	0.1962718638 	4.975979e-03 	
191 	0.1966490288 	0.1966490288 	4.975979e-03 	
869 	0.1970393262 	0.1970393262 	4.975979e-03 	
648 	0.1967044364 	0.1967044364 	4.975979e-03 	
1168 	0.1972701531 	0.1972701531 	4.975979e-03 	
94 	0.1973383914 	0.1973383914 	4.975979e-03 	
909 	0.1977869548 	0.1977869548 	4.975979e-03 	
1059 	0.1982607125 	0.1982607125 	4.975979e-03 	
1528 	0.1980850364 	0.1980850364 	4.975979e-03 	
1182 	0.1988396096 	0.1988396096 	4.975979e-03 	
189 	0.1989172858 	0.1989172858 	4.975979e-03 	
114 	0.1994156596 	0.1994156596 	4.975979e-03 	
786 	0.199502176 	0.199502176 	4.975979e-03 	
1052 	0.2008719881 	0.2008719881 	4.975979e-03 	
25 	0.1996041883 	0.1996041883 	4.975979e-03 	
39 	0.2003202177 	0.2003202177 	4.975979e-03 	
824 	0.2010067159 	0.2010067159 	4.975979e-03 	
1562 	0.2011136107 	0.2011136107 	4.975979e-03 	
1051 	0.2016554456 	0.2016554456 	4.975979e-03 	
1810 	0.2020043111 	0.2020043111 	4.975979e-03 	
831 	0.2022620358 	0.2022620358 	4.975979e-03 	
1031 	0.2023614402 	0.2023614402 	4.975979e-03 	
1808 	0.2028619436 	0.2028619436 	4.975979e-03 	
1097 	0.2034750062 	0.2034750062 	4.975979e-03 	
825 	0.203478369 	0.203478369 	4.975979e-03 	
47 	0.2035480082 	0.2035480082 	4.975979e-03 	
1312 	0.2037924173 	0.2037924173 	4.975979e-03 	
1920 	0.2039407995 	0.2039407995 	4.975979e-03 	
408 	0.2047232003 	0.2047232003 	4.975979e-03 	
859 	0.2048616537 	0.2048616537 	4.975979e-03 	
1906 	0.2049053046 	0.2049053046 	4.975979e-03 	
782 	0.2048992305 	0.2048992305 	4.975979e-03 	
1838 	0.2052257287 	0.2052257287 	4.975979e-03 	
262 	0.2052162453 	0.2052162453 	4.975979e-03 	
176 	0.2058199265 	0.2058199265 	4.975979e-03 	
1985 	0.2058787439 	0.2058787439 	4.975979e-03 	
1377 	0.2057743131 	0.2057743131 	4.975979e-03 	
473 	0.2059486408 	0.2059486408 	4.975979e-03 	
1553 	0.2064043704 	0.2064043704 	4.975979e-03 	
1778 	0.2076343102 	0.2076343102 	4.975979e-03 	
1415 	0.206396867 	0.206396867 	4.975979e-03 	
614 	0.2076318217 	0.2076318217 	4.975979e-03 	
1542 	0.2075014125 	0.2075014125 	4.975979e-03 	
1103 	0.2079332129 	0.2079332129 	4.975979e-03 	
847 	0.2081153485 	0.2081153485 	4.975979e-03 	
1984 	0.2083237061 	0.2083237061 	4.975979e-03 	
1269 	0.206115177 	0.206115177 	4.975979e-03 	
1909 	0.208371545 	0.208371545 	4.975979e-03 	
1535 	0.208400424 	0.208400424 	4.975979e-03 	
937 	0.2085490417 	0.2085490417 	4.975979e-03 	
1872 	0.2086661513 	0.2086661513 	4.975979e-03 	
156 	0.2087856888 	0.2087856888 	4.975979e-03 	
227 	0.2089758243 	0.2089758243 	4.975979e-03 	
1001 	0.2092781566 	0.2092781566 	4.975979e-03 	
1556 	0.2094600958 	0.2094600958 	4.975979e-03 	
1719 	0.2101651605 	0.2101651605 	4.975979e-03 	
1248 	0.2104659998 	0.2104659998 	4.975979e-03 	
236 	0.2104575074 	0.2104575074 	4.975979e-03 	
889 	0.210478112 	0.210478112 	4.975979e-03 	
388 	0.2105491899 	0.2105491899 	4.975979e-03 	
1405 	0.2106346626 	0.2106346626 	4.975979e-03 	
731 	0.2110507294 	0.2110507294 	4.975979e-03 	
654 	0.2112233199 	0.2112233199 	4.975979e-03 	
571 	0.2112943099 	0.2112943099 	4.975979e-03 	
947 	0.2114174632 	0.2114174632 	4.975979e-03 	
1290 	0.2117256731 	0.2117256731 	4.975979e-03 	
1125 	0.2117445818 	0.2117445818 	4.975979e-03 	
749 	0.2123268881 	0.2123268881 	4.975979e-03 	
908 	0.2125956255 	0.2125956255 	4.975979e-03 	
724 	0.2126991835 	0.2126991835 	4.975979e-03 	
1045 	0.2127949981 	0.2127949981 	4.975979e-03 	
19 	0.2129933869 	0.2129933869 	4.975979e-03 	
1581 	0.2130460804 	0.2130460804 	4.975979e-03 	
1817 	0.213274569 	0.213274569 	4.975979e-03 	
1203 	0.213645778 	0.213645778 	4.975979e-03 	
446 	0.2138046824 	0.2138046824 	4.975979e-03 	
1955 	0.2140208754 	0.2140208754 	4.975979e-03 	
1688 	0.2142805651 	0.2142805651 	4.975979e-03 	
1651 	0.2146492348 	0.2146492348 	4.975979e-03 	
434 	0.214282579 	0.214282579 	4.975979e-03 	
1723 	0.214623515 	0.214623515 	4.975979e-03 	
992 	0.2147179041 	0.2147179041 	4.975979e-03 	
1822 	0.2146732035 	0.2146732035 	4.975979e-03 	
919 	0.2149076674 	0.2149076674 	4.975979e-03 	
986 	0.2152319864 	0.2152319864 	4.975979e-03 	
1645 	0.2152884283 	0.2152884283 	4.975979e-03 	
525 	0.2155265151 	0.2155265151 	4.975979e-03 	
362 	0.2153289657 	0.2153289657 	4.975979e-03 	
1780 	0.2153529739 	0.2153529739 	4.975979e-03 	
683 	0.2149504221 	0.2149504221 	4.975979e-03 	
443 	0.2154615661 	0.2154615661 	4.975979e-03 	
364 	0.2155221899 	0.2155221899 	4.975979e-03 	
1354 	0.2159861797 	0.2159861797 	4.975979e-03 	
609 	0.2167860113 	0.2167860113 	4.975979e-03 	
5 	0.2169486356 	0.2169486356 	4.975979e-03 	
1695 	0.2160555013 	0.2160555013 	4.975979e-03 	
776 	0.2172222501 	0.2172222501 	4.975979e-03 	
1429 	0.2171813581 	0.2171813581 	4.975979e-03 	
1038 	0.2173868787 	0.2173868787 	4.975979e-03 	
1815 	0.2174771091 	0.2174771091 	4.975979e-03 	
365 	0.2184337093 	0.2184337093 	4.975979e-03 	
1786 	0.2187651935 	0.2187651935 	4.975979e-03 	
23 	0.2177491943 	0.2177491943 	4.975979e-03 	
1991 	0.2186559515 	0.2186559515 	4.975979e-03 	
264 	0.2186918355 	0.2186918355 	4.975979e-03 	
998 	0.2182515933 	0.2182515933 	4.975979e-03 	
1428 	0.219781812 	0.219781812 	4.975979e-03 	
898 	0.2199973084 	0.2199973084 	4.975979e-03 	
206 	0.2198105164 	0.2198105164 	4.975979e-03 	
117 	0.218854684 	0.218854684 	4.975979e-03 	
534 	0.2194896398 	0.2194896398 	4.975979e-03 	
207 	0.2195760556 	0.2195760556 	4.975979e-03 	
699 	0.2208118759 	0.2208118759 	4.975979e-03 	
660 	0.220160605 	0.220160605 	4.975979e-03 	
1276 	0.2210582838 	0.2210582838 	4.975979e-03 	
1498 	0.2207085427 	0.2207085427 	4.975979e-03 	
522 	0.2212377664 	0.2212377664 	4.975979e-03 	
1568 	0.2203549654 	0.2203549654 	4.975979e-03 	
1219 	0.2214379358 	0.2214379358 	4.975979e-03 	
1164 	0.2214739457 	0.2214739457 	4.975979e-03 	
1434 	0.2218557981 	0.2218557981 	4.975979e-03 	
580 	0.2218583502 	0.2218583502 	4.975979e-03 	
1042 	0.2219885081 	0.2219885081 	4.975979e-03 	
30 	0.2215226362 	0.2215226362 	4.975979e-03 	
431 	0.2223852877 	0.2223852877 	4.975979e-03 	
775 	0.2226320491 	0.2226320491 	4.975979e-03 	
682 	0.2229722135 	0.2229722135 	4.975979e-03 	
544 	0.2230829958 	0.2230829958 	4.975979e-03 	
646 	0.222133327 	0.222133327 	4.975979e-03 	
1681 	0.2236876397 	0.2236876397 	4.975979e-03 	
962 	0.2234448568 	0.2234448568 	4.975979e-03 	
729 	0.2241301109 	0.2241301109 	4.975979e-03 	
1668 	0.2241851772 	0.2241851772 	4.975979e-03 	
163 	0.2242455128 	0.2242455128 	4.975979e-03 	
1725 	0.2232459106 	0.2232459106 	4.975979e-03 	
1795 	0.224953859 	0.224953859 	4.975979e-03 	
1174 	0.2254320433 	0.2254320433 	4.975979e-03 	
369 	0.225889688 	0.225889688 	4.975979e-03 	
744 	0.2259831089 	0.2259831089 	4.975979e-03 	
247 	0.2259831487 	0.2259831487 	4.975979e-03 	
887 	0.2260352618 	0.2260352618 	4.975979e-03 	
1332 	0.2263407502 	0.2263407502 	4.975979e-03 	
1794 	0.2264504503 	0.2264504503 	4.975979e-03 	
170 	0.2267730565 	0.2267730565 	4.975979e-03 	
1739 	0.2270520717 	0.2270520717 	4.975979e-03 	
115 	0.2270018364 	0.2270018364 	4.975979e-03 	
1753 	0.2271735696 	0.2271735696 	4.975979e-03 	
1416 	0.2275539106 	0.2275539106 	4.975979e-03 	
1564 	0.2283641865 	0.2283641865 	4.975979e-03 	
1375 	0.2277214856 	0.2277214856 	4.975979e-03 	
1521 	0.2276619055 	0.2276619055 	4.975979e-03 	
604 	0.2274134424 	0.2274134424 	4.975979e-03 	
282 	0.2278214072 	0.2278214072 	4.975979e-03 	
1654 	0.2290648944 	0.2290648944 	4.975979e-03 	
1150 	0.2286839623 	0.2286839623 	4.975979e-03 	
32 	0.2287223723 	0.2287223723 	4.975979e-03 	
973 	0.2287039455 	0.2287039455 	4.975979e-03 	
461 	0.2284297424 	0.2284297424 	4.975979e-03 	
1701 	0.229480948 	0.229480948 	4.975979e-03 	
637 	0.2289378155 	0.2289378155 	4.975979e-03 	
616 	0.2295607627 	0.2295607627 	4.975979e-03 	
1643 	0.2301215297 	0.2301215297 	4.975979e-03 	
110 	0.2300159917 	0.2300159917 	4.975979e-03 	
1241 	0.2297206341 	0.2297206341 	4.975979e-03 	
1116 	0.2306200402 	0.2306200402 	4.975979e-03 	
137 	0.2306357688 	0.2306357688 	4.975979e-03 	
1457 	0.2303882092 	0.2303882092 	4.975979e-03 	
741 	0.230972029 	0.230972029 	4.975979e-03 	
488 	0.2301833485 	0.2301833485 	4.975979e-03 	
128 	0.2310367031 	0.2310367031 	4.975979e-03 	
1887 	0.231167204 	0.231167204 	4.975979e-03 	
107 	0.2312277554 	0.2312277554 	4.975979e-03 	
1844 	0.2312984705 	0.2312984705 	4.975979e-03 	
1714 	0.2316607899 	0.2316607899 	4.975979e-03 	
1297 	0.2318020404 	0.2318020404 	4.975979e-03 	
328 	0.2322082302 	0.2322082302 	4.975979e-03 	
226 	0.2319830584 	0.2319830584 	4.975979e-03 	
695 	0.2323013185 	0.2323013185 	4.975979e-03 	
1145 	0.2322320886 	0.2322320886 	4.975979e-03 	
165 	0.2326643387 	0.2326643387 	4.975979e-03 	
1080 	0.232557642 	0.232557642 	4.975979e-03 	
1067 	0.2325297348 	0.2325297348 	4.975979e-03 	
1136 	0.2330485098 	0.2330485098 	4.975979e-03 	
129 	0.2328875099 	0.2328875099 	4.975979e-03 	
1897 	0.2330350888 	0.2330350888 	4.975979e-03 	
1144 	0.2332927298 	0.2332927298 	4.975979e-03 	
275 	0.2334937198 	0.2334937198 	4.975979e-03 	
1283 	0.2336249459 	0.2336249459 	4.975979e-03 	
193 	0.2333265515 	0.2333265515 	4.975979e-03 	
1895 	0.2331866142 	0.2331866142 	4.975979e-03 	
397 	0.2333378929 	0.2333378929 	4.975979e-03 	
851 	0.2337028553 	0.2337028553 	4.975979e-03 	
1030 	0.2338713886 	0.2338713886 	4.975979e-03 	
866 	0.2340146952 	0.2340146952 	4.975979e-03 	
183 	0.2340719196 	0.2340719196 	4.975979e-03 	
486 	0.2340871832 	0.2340871832 	4.975979e-03 	
495 	0.234308328 	0.234308328 	4.975979e-03 	
1519 	0.2315200605 	0.2315200605 	4.975979e-03 	
1474 	0.2344123706 	0.2344123706 	4.975979e-03 	
383 	0.2347763188 	0.2347763188 	4.975979e-03 	
211 	0.2347434421 	0.2347434421 	4.975979e-03 	
274 	0.2348181288 	0.2348181288 	4.975979e-03 	
1615 	0.2348534084 	0.2348534084 	4.975979e-03 	
1396 	0.2349370721 	0.2349370721 	4.975979e-03 	
1565 	0.2350060776 	0.2350060776 	4.975979e-03 	
1470 	0.2351295518 	0.2351295518 	4.975979e-03 	
1360 	0.2354585146 	0.2354585146 	4.975979e-03 	
790 	0.235266148 	0.235266148 	4.975979e-03 	
1889 	0.2356505339 	0.2356505339 	4.975979e-03 	
934 	0.2356721493 	0.2356721493 	4.975979e-03 	
943 	0.2360580715 	0.2360580715 	4.975979e-03 	
1983 	0.2361065025 	0.2361065025 	4.975979e-03 	
430 	0.2358634007 	0.2358634007 	4.975979e-03 	
140 	0.2365543961 	0.2365543961 	4.975979e-03 	
347 	0.237432672 	0.237432672 	4.975979e-03 	
1006 	0.2367886876 	0.2367886876 	4.975979e-03 	
1750 	0.2373336173 	0.2373336173 	4.975979e-03 	
1958 	0.2374621463 	0.2374621463 	4.975979e-03 	
64 	0.2377053105 	0.2377053105 	4.975979e-03 	
1141 	0.2362307992 	0.2362307992 	4.975979e-03 	
1123 	0.236551415 	0.236551415 	4.975979e-03 	
685 	0.2364909548 	0.2364909548 	4.975979e-03 	
1620 	0.2365344366 	0.2365344366 	4.975979e-03 	
912 	0.2376454283 	0.2376454283 	4.975979e-03 	
740 	0.2363673197 	0.2363673197 	4.975979e-03 	
1311 	0.2363652049 	0.2363652049 	4.975979e-03 	
1982 	0.2367814015 	0.2367814015 	4.975979e-03 	
705 	0.2377994769 	0.2377994769 	4.975979e-03 	
920 	0.2380516987 	0.2380516987 	4.975979e-03 	
1007 	0.2385141432 	0.2385141432 	4.975979e-03 	
777 	0.238723917 	0.238723917 	4.975979e-03 	
425 	0.2388267573 	0.2388267573 	4.975979e-03 	
1592 	0.238895023 	0.238895023 	4.975979e-03 	
1703 	0.2392484123 	0.2392484123 	4.975979e-03 	
1202 	0.2393734399 	0.2393734399 	4.975979e-03 	
1340 	0.2394476088 	0.2394476088 	4.975979e-03 	
1246 	0.2393020218 	0.2393020218 	4.975979e-03 	
356 	0.2399990828 	0.2399990828 	4.975979e-03 	
795 	0.2392055384 	0.2392055384 	4.975979e-03 	
804 	0.2403732411 	0.2403732411 	4.975979e-03 	
1916 	0.2401145459 	0.2401145459 	4.975979e-03 	
1859 	0.2404368804 	0.2404368804 	4.975979e-03 	
386 	0.240792945 	0.240792945 	4.975979e-03 	
422 	0.2411107513 	0.2411107513 	4.975979e-03 	
453 	0.2412048412 	0.2412048412 	4.975979e-03 	
983 	0.2412977347 	0.2412977347 	4.975979e-03 	
1437 	0.241473085 	0.241473085 	4.975979e-03 	
1941 	0.2416415589 	0.2416415589 	4.975979e-03 	
458 	0.241559554 	0.241559554 	4.975979e-03 	
1398 	0.2420180571 	0.2420180571 	4.975979e-03 	
283 	0.2424450286 	0.2424450286 	4.975979e-03 	
1402 	0.2422250458 	0.2422250458 	4.975979e-03 	
1803 	0.2422435535 	0.2422435535 	4.975979e-03 	
214 	0.2428149876 	0.2428149876 	4.975979e-03 	
1493 	0.243392442 	0.243392442 	4.975979e-03 	
1634 	0.2426138932 	0.2426138932 	4.975979e-03 	
96 	0.2438403456 	0.2438403456 	4.975979e-03 	
1255 	0.2439362433 	0.2439362433 	4.975979e-03 	
1211 	0.2426923513 	0.2426923513 	4.975979e-03 	
817 	0.2439705128 	0.2439705128 	4.975979e-03 	
1210 	0.244027599 	0.244027599 	4.975979e-03 	
300 	0.2441703142 	0.2441703142 	4.975979e-03 	
1479 	0.2441730174 	0.2441730174 	4.975979e-03 	
56 	0.2445711289 	0.2445711289 	4.975979e-03 	
942 	0.2447900967 	0.2447900967 	4.975979e-03 	
508 	0.2448828791 	0.2448828791 	4.975979e-03 	
1802 	0.244945755 	0.244945755 	4.975979e-03 	
1285 	0.2450328751 	0.2450328751 	4.975979e-03 	
1819 	0.2455068094 	0.2455068094 	4.975979e-03 	
710 	0.2454976803 	0.2454976803 	4.975979e-03 	
713 	0.2456215838 	0.2456215838 	4.975979e-03 	
1213 	0.2463686225 	0.2463686225 	4.975979e-03 	
450 	0.2455530362 	0.2455530362 	4.975979e-03 	
1205 	0.2455730904 	0.2455730904 	4.975979e-03 	
1526 	0.246058815 	0.246058815 	4.975979e-03 	
1355 	0.2455792857 	0.2455792857 	4.975979e-03 	
971 	0.2462921869 	0.2462921869 	4.975979e-03 	
901 	0.2453279645 	0.2453279645 	4.975979e-03 	
266 	0.245187622 	0.245187622 	4.975979e-03 	
1177 	0.2465518925 	0.2465518925 	4.975979e-03 	
1864 	0.2467137757 	0.2467137757 	4.975979e-03 	
1209 	0.246523138 	0.246523138 	4.975979e-03 	
76 	0.2467349498 	0.2467349498 	4.975979e-03 	
17 	0.2463782741 	0.2463782741 	4.975979e-03 	
945 	0.2468386159 	0.2468386159 	4.975979e-03 	
718 	0.2468283665 	0.2468283665 	4.975979e-03 	
876 	0.2470010313 	0.2470010313 	4.975979e-03 	
1187 	0.2477308127 	0.2477308127 	4.975979e-03 	
1191 	0.2470594703 	0.2470594703 	4.975979e-03 	
143 	0.2471268317 	0.2471268317 	4.975979e-03 	
832 	0.2464290001 	0.2464290001 	4.975979e-03 	
1368 	0.2469838968 	0.2469838968 	4.975979e-03 	
1217 	0.2473952727 	0.2473952727 	4.975979e-03 	
1992 	0.247738652 	0.247738652 	4.975979e-03 	
1974 	0.2477424906 	0.2477424906 	4.975979e-03 	
1977 	0.2477927037 	0.2477927037 	4.975979e-03 	
1584 	0.2481689944 	0.2481689944 	4.975979e-03 	
1676 	0.2484826249 	0.2484826249 	4.975979e-03 	
787 	0.2487011941 	0.2487011941 	4.975979e-03 	
215 	0.2485804856 	0.2485804856 	4.975979e-03 	
629 	0.2496692149 	0.2496692149 	4.975979e-03 	
858 	0.2497862756 	0.2497862756 	4.975979e-03 	
812 	0.2479350445 	0.2479350445 	4.975979e-03 	
68 	0.2477725895 	0.2477725895 	4.975979e-03 	
1635 	0.2498426304 	0.2498426304 	4.975979e-03 	
417 	0.2498463416 	0.2498463416 	4.975979e-03 	
840 	0.2501651454 	0.2501651454 	4.975979e-03 	
1105 	0.2509401633 	0.2509401633 	4.975979e-03 	
1346 	0.2504359165 	0.2504359165 	4.975979e-03 	
1969 	0.2513851151 	0.2513851151 	4.975979e-03 	
1256 	0.2499217752 	0.2499217752 	4.975979e-03 	
1266 	0.2510913213 	0.2510913213 	4.975979e-03 	
1233 	0.2513896411 	0.2513896411 	4.975979e-03 	
40 	0.2514123282 	0.2514123282 	4.975979e-03 	
674 	0.2516572013 	0.2516572013 	4.975979e-03 	
1545 	0.2519839398 	0.2519839398 	4.975979e-03 	
675 	0.25205632 	0.25205632 	4.975979e-03 	
377 	0.2521419957 	0.2521419957 	4.975979e-03 	
9 	0.251486437 	0.251486437 	4.975979e-03 	
635 	0.2523615455 	0.2523615455 	4.975979e-03 	
148 	0.2522148614 	0.2522148614 	4.975979e-03 	
1684 	0.2525324082 	0.2525324082 	4.975979e-03 	
769 	0.2525103432 	0.2525103432 	4.975979e-03 	
746 	0.2524168216 	0.2524168216 	4.975979e-03 	
1133 	0.2528229314 	0.2528229314 	4.975979e-03 	
168 	0.2528510045 	0.2528510045 	4.975979e-03 	
1131 	0.2529387611 	0.2529387611 	4.975979e-03 	
1501 	0.252921308 	0.252921308 	4.975979e-03 	
1108 	0.2525736029 	0.2525736029 	4.975979e-03 	
1324 	0.2529694385 	0.2529694385 	4.975979e-03 	
1408 	0.2531218851 	0.2531218851 	4.975979e-03 	
621 	0.2531906365 	0.2531906365 	4.975979e-03 	
292 	0.2532834047 	0.2532834047 	4.975979e-03 	
627 	0.2534243405 	0.2534243405 	4.975979e-03 	
677 	0.2535291546 	0.2535291546 	4.975979e-03 	
752 	0.2535424107 	0.2535424107 	4.975979e-03 	
1072 	0.2537974344 	0.2537974344 	4.975979e-03 	
1628 	0.2539017663 	0.2539017663 	4.975979e-03 	
965 	0.2539070676 	0.2539070676 	4.975979e-03 	
1303 	0.2543304723 	0.2543304723 	4.975979e-03 	
201 	0.2543733256 	0.2543733256 	4.975979e-03 	
1238 	0.2544616402 	0.2544616402 	4.975979e-03 	
690 	0.2545123562 	0.2545123562 	4.975979e-03 	
791 	0.2552338349 	0.2552338349 	4.975979e-03 	
732 	0.255385634 	0.255385634 	4.975979e-03 	
469 	0.2554171027 	0.2554171027 	4.975979e-03 	
173 	0.2548992451 	0.2548992451 	4.975979e-03 	
1852 	0.2555271991 	0.2555271991 	4.975979e-03 	
1758 	0.2555502428 	0.2555502428 	4.975979e-03 	
1394 	0.2554893561 	0.2554893561 	4.975979e-03 	
1722 	0.2556314783 	0.2556314783 	4.975979e-03 	
559 	0.2557949952 	0.2557949952 	4.975979e-03 	
1656 	0.2561922676 	0.2561922676 	4.975979e-03 	
1551 	0.2560699246 	0.2560699246 	4.975979e-03 	
1291 	0.2561485336 	0.2561485336 	4.975979e-03 	
1094 	0.2563008437 	0.2563008437 	4.975979e-03 	
1637 	0.2563134241 	0.2563134241 	4.975979e-03 	
970 	0.2564717653 	0.2564717653 	4.975979e-03 	
1321 	0.2573503351 	0.2573503351 	4.975979e-03 	
1846 	0.2569091366 	0.2569091366 	4.975979e-03 	
102 	0.2566144243 	0.2566144243 	4.975979e-03 	
542 	0.2565344914 	0.2565344914 	4.975979e-03 	
886 	0.2565370238 	0.2565370238 	4.975979e-03 	
1275 	0.2565162299 	0.2565162299 	4.975979e-03 	
1362 	0.2573123834 	0.2573123834 	4.975979e-03 	
546 	0.2580799816 	0.2580799816 	4.975979e-03 	
1264 	0.2581220749 	0.2581220749 	4.975979e-03 	
471 	0.2581289508 	0.2581289508 	4.975979e-03 	
1573 	0.2582113967 	0.2582113967 	4.975979e-03 	
235 	0.2582772826 	0.2582772826 	4.975979e-03 	
1367 	0.2582838545 	0.2582838545 	4.975979e-03 	
588 	0.2583032493 	0.2583032493 	4.975979e-03 	
1779 	0.2583182799 	0.2583182799 	4.975979e-03 	
480 	0.2586344131 	0.2586344131 	4.975979e-03 	
548 	0.2584427752 	0.2584427752 	4.975979e-03 	
86 	0.258345393 	0.258345393 	4.975979e-03 	
171 	0.2587818135 	0.2587818135 	4.975979e-03 	
565 	0.2588559768 	0.2588559768 	4.975979e-03 	
668 	0.2588555932 	0.2588555932 	4.975979e-03 	
464 	0.2589506722 	0.2589506722 	4.975979e-03 	
641 	0.2604068571 	0.2604068571 	4.975979e-03 	
1054 	0.2589693046 	0.2589693046 	4.975979e-03 	
1462 	0.2593226085 	0.2593226085 	4.975979e-03 	
1305 	0.2603017701 	0.2603017701 	4.975979e-03 	
13 	0.2601621666 	0.2601621666 	4.975979e-03 	
22 	0.2595399388 	0.2595399388 	4.975979e-03 	
1717 	0.2595841357 	0.2595841357 	4.975979e-03 	
1466 	0.2605465789 	0.2605465789 	4.975979e-03 	
198 	0.2605805354 	0.2605805354 	4.975979e-03 	
251 	0.2606986313 	0.2606986313 	4.975979e-03 	
219 	0.2606876816 	0.2606876816 	4.975979e-03 	
1557 	0.2606755122 	0.2606755122 	4.975979e-03 	
1614 	0.2617056628 	0.2617056628 	4.975979e-03 	
1465 	0.2617339194 	0.2617339194 	4.975979e-03 	
748 	0.2618284331 	0.2618284331 	4.975979e-03 	
1282 	0.2619873838 	0.2619873838 	4.975979e-03 	
1550 	0.2624138527 	0.2624138527 	4.975979e-03 	
655 	0.2620685057 	0.2620685057 	4.975979e-03 	
123 	0.2624011859 	0.2624011859 	4.975979e-03 	
1788 	0.2624782463 	0.2624782463 	4.975979e-03 	
514 	0.2608998145 	0.2608998145 	4.975979e-03 	
929 	0.26236658 	0.26236658 	4.975979e-03 	
874 	0.2626133361 	0.2626133361 	4.975979e-03 	
1740 	0.262552843 	0.262552843 	4.975979e-03 	
1880 	0.2627968522 	0.2627968522 	4.975979e-03 	
517 	0.2628523706 	0.2628523706 	4.975979e-03 	
162 	0.2626281364 	0.2626281364 	4.975979e-03 	
1127 	0.262689002 	0.262689002 	4.975979e-03 	
1069 	0.2629907694 	0.2629907694 	4.975979e-03 	
552 	0.2629993951 	0.2629993951 	4.975979e-03 	
615 	0.2628689949 	0.2628689949 	4.975979e-03 	
1089 	0.2630068679 	0.2630068679 	4.975979e-03 	
1268 	0.2632667274 	0.2632667274 	4.975979e-03 	
1220 	0.2632858019 	0.2632858019 	4.975979e-03 	
61 	0.2633049636 	0.2633049636 	4.975979e-03 	
212 	0.2637784227 	0.2637784227 	4.975979e-03 	
1468 	0.2634753381 	0.2634753381 	4.975979e-03 	
1757 	0.2637169029 	0.2637169029 	4.975979e-03 	
1183 	0.2633796004 	0.2633796004 	4.975979e-03 	
122 	0.2638208683 	0.2638208683 	4.975979e-03 	
797 	0.2634775721 	0.2634775721 	4.975979e-03 	
1390 	0.2642276314 	0.2642276314 	4.975979e-03 	
562 	0.2643495073 	0.2643495073 	4.975979e-03 	
263 	0.264305284 	0.264305284 	4.975979e-03 	
606 	0.2642786791 	0.2642786791 	4.975979e-03 	
1452 	0.2668366847 	0.2668366847 	4.975979e-03 	
739 	0.2669500264 	0.2669500264 	4.975979e-03 	
277 	0.2672744194 	0.2672744194 	4.975979e-03 	
1928 	0.2666289264 	0.2666289264 	4.975979e-03 	
338 	0.2652024535 	0.2652024535 	4.975979e-03 	
325 	0.2647294935 	0.2647294935 	4.975979e-03 	
1309 	0.2657035045 	0.2657035045 	4.975979e-03 	
878 	0.2653111298 	0.2653111298 	4.975979e-03 	
1931 	0.2653133889 	0.2653133889 	4.975979e-03 	
327 	0.2665592956 	0.2665592956 	4.975979e-03 	
375 	0.2668259775 	0.2668259775 	4.975979e-03 	
1227 	0.2667669779 	0.2667669779 	4.975979e-03 	
320 	0.2639095995 	0.2639095995 	4.975979e-03 	
484 	0.2659329056 	0.2659329056 	4.975979e-03 	
184 	0.2654311257 	0.2654311257 	4.975979e-03 	
1082 	0.2674016689 	0.2674016689 	4.975979e-03 	
1745 	0.2653433991 	0.2653433991 	4.975979e-03 	
1963 	0.2675092223 	0.2675092223 	4.975979e-03 	
1913 	0.2676942232 	0.2676942232 	4.975979e-03 	
248 	0.2677746697 	0.2677746697 	4.975979e-03 	
881 	0.2677852488 	0.2677852488 	4.975979e-03 	
1731 	0.2678058832 	0.2678058832 	4.975979e-03 	
716 	0.2679379518 	0.2679379518 	4.975979e-03 	
1491 	0.2681004008 	0.2681004008 	4.975979e-03 	
932 	0.2684018071 	0.2684018071 	4.975979e-03 	
1589 	0.2684736974 	0.2684736974 	4.975979e-03 	
1885 	0.2685237848 	0.2685237848 	4.975979e-03 	
1894 	0.2686275141 	0.2686275141 	4.975979e-03 	
1814 	0.26873595 	0.26873595 	4.975979e-03 	
1327 	0.2679917933 	0.2679917933 	4.975979e-03 	
1715 	0.268811191 	0.268811191 	4.975979e-03 	
1472 	0.2688226703 	0.2688226703 	4.975979e-03 	
703 	0.2688455608 	0.2688455608 	4.975979e-03 	
1662 	0.2689313819 	0.2689313819 	4.975979e-03 	
1490 	0.2688581456 	0.2688581456 	4.975979e-03 	
585 	0.269151055 	0.269151055 	4.975979e-03 	
341 	0.2691334463 	0.2691334463 	4.975979e-03 	
136 	0.2690059741 	0.2690059741 	4.975979e-03 	
1680 	0.2692830029 	0.2692830029 	4.975979e-03 	
1516 	0.2693809556 	0.2693809556 	4.975979e-03 	
801 	0.2695915876 	0.2695915876 	4.975979e-03 	
1025 	0.2695735651 	0.2695735651 	4.975979e-03 	
70 	0.271281434 	0.271281434 	4.975979e-03 	
1436 	0.2712539774 	0.2712539774 	4.975979e-03 	
357 	0.2703864006 	0.2703864006 	4.975979e-03 	
1809 	0.2705831596 	0.2705831596 	4.975979e-03 	
896 	0.2702361823 	0.2702361823 	4.975979e-03 	
1712 	0.270264297 	0.270264297 	4.975979e-03 	
313 	0.2697242994 	0.2697242994 	4.975979e-03 	
1066 	0.2697000547 	0.2697000547 	4.975979e-03 	
984 	0.2696370287 	0.2696370287 	4.975979e-03 	
1137 	0.2697929835 	0.2697929835 	4.975979e-03 	
1151 	0.270719085 	0.270719085 	4.975979e-03 	
617 	0.2709202701 	0.2709202701 	4.975979e-03 	
1696 	0.2710117713 	0.2710117713 	4.975979e-03 	
822 	0.2711211373 	0.2711211373 	4.975979e-03 	
1142 	0.2711433628 	0.2711433628 	4.975979e-03 	
601 	0.2697985035 	0.2697985035 	4.975979e-03 	
1547 	0.2713698591 	0.2713698591 	4.975979e-03 	
527 	0.2699149571 	0.2699149571 	4.975979e-03 	
1471 	0.271513838 	0.271513838 	4.975979e-03 	
454 	0.2715460112 	0.2715460112 	4.975979e-03 	
125 	0.2713990159 	0.2713990159 	4.975979e-03 	
622 	0.2715858974 	0.2715858974 	4.975979e-03 	
816 	0.2716780045 	0.2716780045 	4.975979e-03 	
1000 	0.2716504105 	0.2716504105 	4.975979e-03 	
723 	0.2713550339 	0.2713550339 	4.975979e-03 	
794 	0.2722585989 	0.2722585989 	4.975979e-03 	
1825 	0.2721017251 	0.2721017251 	4.975979e-03 	
354 	0.2726448003 	0.2726448003 	4.975979e-03 	
1543 	0.2720624566 	0.2720624566 	4.975979e-03 	
1120 	0.2729492554 	0.2729492554 	4.975979e-03 	
153 	0.2724310966 	0.2724310966 	4.975979e-03 	
228 	0.2730144358 	0.2730144358 	4.975979e-03 	
1271 	0.2730370345 	0.2730370345 	4.975979e-03 	
1156 	0.2730353425 	0.2730353425 	4.975979e-03 	
1365 	0.2732867248 	0.2732867248 	4.975979e-03 	
1385 	0.2735183168 	0.2735183168 	4.975979e-03 	
979 	0.2735554578 	0.2735554578 	4.975979e-03 	
400 	0.2736307901 	0.2736307901 	4.975979e-03 	
1337 	0.2739574446 	0.2739574446 	4.975979e-03 	
1624 	0.2739273626 	0.2739273626 	4.975979e-03 	
1383 	0.2736151472 	0.2736151472 	4.975979e-03 	
1993 	0.2740713389 	0.2740713389 	4.975979e-03 	
403 	0.27405915 	0.27405915 	4.975979e-03 	
270 	0.2739995782 	0.2739995782 	4.975979e-03 	
1022 	0.2744889425 	0.2744889425 	4.975979e-03 	
533 	0.2744044565 	0.2744044565 	4.975979e-03 	
318 	0.2742243326 	0.2742243326 	4.975979e-03 	
1050 	0.2745005354 	0.2745005354 	4.975979e-03 	
1805 	0.2746688221 	0.2746688221 	4.975979e-03 	
255 	0.2746993407 	0.2746993407 	4.975979e-03 	
911 	0.2751074816 	0.2751074816 	4.975979e-03 	
154 	0.2755093699 	0.2755093699 	4.975979e-03 	
1866 	0.2754045781 	0.2754045781 	4.975979e-03 	
1830 	0.2755757947 	0.2755757947 	4.975979e-03 	
265 	0.2755813316 	0.2755813316 	4.975979e-03 	
451 	0.2756407349 	0.2756407349 	4.975979e-03 	
448 	0.275592803 	0.275592803 	4.975979e-03 	
1012 	0.275642149 	0.275642149 	4.975979e-03 	
1947 	0.2719732276 	0.2719732276 	4.975979e-03 	
1391 	0.275692321 	0.275692321 	4.975979e-03 	
428 	0.2759126258 	0.2759126258 	4.975979e-03 	
1575 	0.2759178415 	0.2759178415 	4.975979e-03 	
861 	0.2763318023 	0.2763318023 	4.975979e-03 	
895 	0.274691315 	0.274691315 	4.975979e-03 	
1053 	0.2753856577 	0.2753856577 	4.975979e-03 	
935 	0.2764767627 	0.2764767627 	4.975979e-03 	
927 	0.2772589329 	0.2772589329 	4.975979e-03 	
1349 	0.2763359942 	0.2763359942 	4.975979e-03 	
1917 	0.2770122658 	0.2770122658 	4.975979e-03 	
907 	0.2767569139 	0.2767569139 	4.975979e-03 	
387 	0.2773024688 	0.2773024688 	4.975979e-03 	
774 	0.2767630909 	0.2767630909 	4.975979e-03 	
673 	0.275988454 	0.275988454 	4.975979e-03 	
1770 	0.277318154 	0.277318154 	4.975979e-03 	
1914 	0.2776170015 	0.2776170015 	4.975979e-03 	
1956 	0.2774428056 	0.2774428056 	4.975979e-03 	
991 	0.2774484919 	0.2774484919 	4.975979e-03 	
302 	0.2777307139 	0.2777307139 	4.975979e-03 	
335 	0.2778602283 	0.2778602283 	4.975979e-03 	
241 	0.2780212044 	0.2780212044 	4.975979e-03 	
1520 	0.2778284978 	0.2778284978 	4.975979e-03 	
343 	0.2784468207 	0.2784468207 	4.975979e-03 	
1198 	0.2785024795 	0.2785024795 	4.975979e-03 	
551 	0.278366856 	0.278366856 	4.975979e-03 	
1591 	0.2781955197 	0.2781955197 	4.975979e-03 	
382 	0.2790637584 	0.2790637584 	4.975979e-03 	
639 	0.2788269043 	0.2788269043 	4.975979e-03 	
948 	0.2788731553 	0.2788731553 	4.975979e-03 	
396 	0.2789856594 	0.2789856594 	4.975979e-03 	
442 	0.2790818737 	0.2790818737 	4.975979e-03 	
1397 	0.2791216148 	0.2791216148 	4.975979e-03 	
1443 	0.2792171939 	0.2792171939 	4.975979e-03 	
1869 	0.2792939956 	0.2792939956 	4.975979e-03 	
900 	0.2792924466 	0.2792924466 	4.975979e-03 	
1954 	0.2793532938 	0.2793532938 	4.975979e-03 	
1769 	0.2794986479 	0.2794986479 	4.975979e-03 	
444 	0.2793696336 	0.2793696336 	4.975979e-03 	
626 	0.2797950355 	0.2797950355 	4.975979e-03 	
955 	0.2798670134 	0.2798670134 	4.975979e-03 	
528 	0.2798836618 	0.2798836618 	4.975979e-03 	
1630 	0.2802032542 	0.2802032542 	4.975979e-03 	
97 	0.2803064253 	0.2803064253 	4.975979e-03 	
1658 	0.2803577925 	0.2803577925 	4.975979e-03 	
733 	0.2802604284 	0.2802604284 	4.975979e-03 	
923 	0.2802298387 	0.2802298387 	4.975979e-03 	
242 	0.280473823 	0.280473823 	4.975979e-03 	
1331 	0.2805430143 	0.2805430143 	4.975979e-03 	
1032 	0.2804860106 	0.2804860106 	4.975979e-03 	
435 	0.2806205564 	0.2806205564 	4.975979e-03 	
1540 	0.2807044957 	0.2807044957 	4.975979e-03 	
1599 	0.2809158552 	0.2809158552 	4.975979e-03 	
1192 	0.2807571898 	0.2807571898 	4.975979e-03 	
842 	0.2807616611 	0.2807616611 	4.975979e-03 	
1130 	0.2810527038 	0.2810527038 	4.975979e-03 	
1772 	0.2809112914 	0.2809112914 	4.975979e-03 	
1655 	0.2808326139 	0.2808326139 	4.975979e-03 	
1427 	0.2815905328 	0.2815905328 	4.975979e-03 	
287 	0.2815929258 	0.2815929258 	4.975979e-03 	
806 	0.2815419061 	0.2815419061 	4.975979e-03 	
1572 	0.2816217034 	0.2816217034 	4.975979e-03 	
1176 	0.2818346718 	0.2818346718 	4.975979e-03 	
81 	0.2822616199 	0.2822616199 	4.975979e-03 	
1796 	0.281815324 	0.281815324 	4.975979e-03 	
844 	0.2816667297 	0.2816667297 	4.975979e-03 	
1326 	0.2826698054 	0.2826698054 	4.975979e-03 	
1570 	0.2825600308 	0.2825600308 	4.975979e-03 	
3 	0.2825107641 	0.2825107641 	4.975979e-03 	
765 	0.2828254294 	0.2828254294 	4.975979e-03 	
1043 	0.2828066897 	0.2828066897 	4.975979e-03 	
523 	0.2830295307 	0.2830295307 	4.975979e-03 	
1021 	0.2828464163 	0.2828464163 	4.975979e-03 	
10 	0.2832951026 	0.2832951026 	4.975979e-03 	
835 	0.2831899082 	0.2831899082 	4.975979e-03 	
367 	0.2829681965 	0.2829681965 	4.975979e-03 	
1586 	0.2832357291 	0.2832357291 	4.975979e-03 	
1208 	0.2832954765 	0.2832954765 	4.975979e-03 	
1310 	0.2833164754 	0.2833164754 	4.975979e-03 	
1940 	0.2838102737 	0.2838102737 	4.975979e-03 	
372 	0.2838910297 	0.2838910297 	4.975979e-03 	
1342 	0.2837806353 	0.2837806353 	4.975979e-03 	
65 	0.2839091689 	0.2839091689 	4.975979e-03 	
379 	0.2839978075 	0.2839978075 	4.975979e-03 	
1554 	0.2839472291 	0.2839472291 	4.975979e-03 	
1760 	0.284087417 	0.284087417 	4.975979e-03 	
537 	0.2842636487 	0.2842636487 	4.975979e-03 	
45 	0.2843921056 	0.2843921056 	4.975979e-03 	
1088 	0.284265134 	0.284265134 	4.975979e-03 	
1320 	0.284556425 	0.284556425 	4.975979e-03 	
1422 	0.2845184387 	0.2845184387 	4.975979e-03 	
1973 	0.284480245 	0.284480245 	4.975979e-03 	
784 	0.2846003736 	0.2846003736 	4.975979e-03 	
1236 	0.2851086796 	0.2851086796 	4.975979e-03 	
1763 	0.2849379343 	0.2849379343 	4.975979e-03 	
1421 	0.2849900327 	0.2849900327 	4.975979e-03 	
1084 	0.2851673463 	0.2851673463 	4.975979e-03 	
1453 	0.2852973985 	0.2852973985 	4.975979e-03 	
688 	0.2854461819 	0.2854461819 	4.975979e-03 	
930 	0.285454849 	0.285454849 	4.975979e-03 	
1110 	0.2855270815 	0.2855270815 	4.975979e-03 	
410 	0.2857924732 	0.2857924732 	4.975979e-03 	
465 	0.2857414709 	0.2857414709 	4.975979e-03 	
877 	0.2854184422 	0.2854184422 	4.975979e-03 	
1609 	0.2860041748 	0.2860041748 	4.975979e-03 	
567 	0.28582037 	0.28582037 	4.975979e-03 	
1666 	0.2858268364 	0.2858268364 	4.975979e-03 	
1687 	0.2853231125 	0.2853231125 	4.975979e-03 	
185 	0.2859551298 	0.2859551298 	4.975979e-03 	
284 	0.2861516313 	0.2861516313 	4.975979e-03 	
1738 	0.286076578 	0.286076578 	4.975979e-03 	
60 	0.2863964753 	0.2863964753 	4.975979e-03 	
535 	0.2854711202 	0.2854711202 	4.975979e-03 	
197 	0.2863978315 	0.2863978315 	4.975979e-03 	
694 	0.2865164427 	0.2865164427 	4.975979e-03 	
1371 	0.2864068323 	0.2864068323 	4.975979e-03 	
340 	0.2868258583 	0.2868258583 	4.975979e-03 	
1221 	0.2867120815 	0.2867120815 	4.975979e-03 	
58 	0.2870173853 	0.2870173853 	4.975979e-03 	
788 	0.2871500418 	0.2871500418 	4.975979e-03 	
1855 	0.2871095686 	0.2871095686 	4.975979e-03 	
564 	0.2871823172 	0.2871823172 	4.975979e-03 	
647 	0.2881491217 	0.2881491217 	4.975979e-03 	
1509 	0.2884313316 	0.2884313316 	4.975979e-03 	
0 	0.2884872068 	0.2884872068 	4.975979e-03 	
1075 	0.2885410036 	0.2885410036 	4.975979e-03 	
549 	0.2887314855 	0.2887314855 	4.975979e-03 	
1450 	0.28876267 	0.28876267 	4.975979e-03 	
519 	0.2887917039 	0.2887917039 	4.975979e-03 	
190 	0.2887878308 	0.2887878308 	4.975979e-03 	
1234 	0.2889801754 	0.2889801754 	4.975979e-03 	
968 	0.2891356625 	0.2891356625 	4.975979e-03 	
414 	0.2890426858 	0.2890426858 	4.975979e-03 	
607 	0.2885422796 	0.2885422796 	4.975979e-03 	
1411 	0.2893706983 	0.2893706983 	4.975979e-03 	
845 	0.2892468965 	0.2892468965 	4.975979e-03 	
672 	0.2903166827 	0.2903166827 	4.975979e-03 	
1972 	0.290423692 	0.290423692 	4.975979e-03 	
409 	0.2898854546 	0.2898854546 	4.975979e-03 	
1741 	0.2893747662 	0.2893747662 	4.975979e-03 	
1536 	0.2893927162 	0.2893927162 	4.975979e-03 	
818 	0.2902360405 	0.2902360405 	4.975979e-03 	
1376 	0.2900445317 	0.2900445317 	4.975979e-03 	
761 	0.2903980447 	0.2903980447 	4.975979e-03 	
1841 	0.290529863 	0.290529863 	4.975979e-03 	
811 	0.290596396 	0.290596396 	4.975979e-03 	
1625 	0.2903182158 	0.2903182158 	4.975979e-03 	
1239 	0.290586589 	0.290586589 	4.975979e-03 	
918 	0.2907300052 	0.2907300052 	4.975979e-03 	
600 	0.2904462992 	0.2904462992 	4.975979e-03 	
766 	0.2908129401 	0.2908129401 	4.975979e-03 	
291 	0.2909461615 	0.2909461615 	4.975979e-03 	
1756 	0.2909570812 	0.2909570812 	4.975979e-03 	
1975 	0.2909952274 	0.2909952274 	4.975979e-03 	
1259 	0.2910689263 	0.2910689263 	4.975979e-03 	
867 	0.2912166695 	0.2912166695 	4.975979e-03 	
1657 	0.2910731203 	0.2910731203 	4.975979e-03 	
1851 	0.2911504793 	0.2911504793 	4.975979e-03 	
501 	0.2913762901 	0.2913762901 	4.975979e-03 	
1273 	0.2912479266 	0.2912479266 	4.975979e-03 	
1697 	0.2914049657 	0.2914049657 	4.975979e-03 	
1900 	0.2920313449 	0.2920313449 	4.975979e-03 	
990 	0.2921625608 	0.2921625608 	4.975979e-03 	
1487 	0.2922272519 	0.2922272519 	4.975979e-03 	
1926 	0.2925758949 	0.2925758949 	4.975979e-03 	
498 	0.2924941776 	0.2924941776 	4.975979e-03 	
755 	0.2922522624 	0.2922522624 	4.975979e-03 	
42 	0.2925035725 	0.2925035725 	4.975979e-03 	
210 	0.2926509601 	0.2926509601 	4.975979e-03 	
1510 	0.2930407159 	0.2930407159 	4.975979e-03 	
1294 	0.2929369851 	0.2929369851 	4.975979e-03 	
1292 	0.2930943593 	0.2930943593 	4.975979e-03 	
1665 	0.2931413178 	0.2931413178 	4.975979e-03 	
579 	0.2934806958 	0.2934806958 	4.975979e-03 	
640 	0.2933220322 	0.2933220322 	4.975979e-03 	
1478 	0.2935178093 	0.2935178093 	4.975979e-03 	
113 	0.2931957793 	0.2931957793 	4.975979e-03 	
1263 	0.2935928512 	0.2935928512 	4.975979e-03 	
1718 	0.2935561952 	0.2935561952 	4.975979e-03 	
1527 	0.2938258075 	0.2938258075 	4.975979e-03 	
1875 	0.2935950116 	0.2935950116 	4.975979e-03 	
1068 	0.2940223409 	0.2940223409 	4.975979e-03 	
1702 	0.2938283266 	0.2938283266 	4.975979e-03 	
1935 	0.2942461299 	0.2942461299 	4.975979e-03 	
985 	0.2950323174 	0.2950323174 	4.975979e-03 	
1921 	0.2942614793 	0.2942614793 	4.975979e-03 	
1563 	0.2946525756 	0.2946525756 	4.975979e-03 	
1288 	0.2945759871 	0.2945759871 	4.975979e-03 	
917 	0.2944168405 	0.2944168405 	4.975979e-03 	
1473 	0.2958954033 	0.2958954033 	4.975979e-03 	
31 	0.2954145529 	0.2954145529 	4.975979e-03 	
213 	0.2945008074 	0.2945008074 	4.975979e-03 	
322 	0.2962625926 	0.2962625926 	4.975979e-03 	
1967 	0.2944883786 	0.2944883786 	4.975979e-03 	
312 	0.2963228449 	0.2963228449 	4.975979e-03 	
497 	0.2936908879 	0.2936908879 	4.975979e-03 	
903 	0.296388597 	0.296388597 	4.975979e-03 	
888 	0.2959731226 	0.2959731226 	4.975979e-03 	
632 	0.2944960437 	0.2944960437 	4.975979e-03 	
1644 	0.296393091 	0.296393091 	4.975979e-03 	
1085 	0.2959780424 	0.2959780424 	4.975979e-03 	
1824 	0.2965164424 	0.2965164424 	4.975979e-03 	
196 	0.296501244 	0.296501244 	4.975979e-03 	
590 	0.2964095016 	0.2964095016 	4.975979e-03 	
290 	0.2965829139 	0.2965829139 	4.975979e-03 	
1998 	0.2966455789 	0.2966455789 	4.975979e-03 	
157 	0.2971119428 	0.2971119428 	4.975979e-03 	
116 	0.296704292 	0.296704292 	4.975979e-03 	
151 	0.2972014974 	0.2972014974 	4.975979e-03 	
1882 	0.297562308 	0.297562308 	4.975979e-03 	
487 	0.2973774964 	0.2973774964 	4.975979e-03 	
493 	0.2978440296 	0.2978440296 	4.975979e-03 	
1907 	0.2978357896 	0.2978357896 	4.975979e-03 	
1106 	0.2979148632 	0.2979148632 	4.975979e-03 	
658 	0.2978495162 	0.2978495162 	4.975979e-03 	
1351 	0.2979286146 	0.2979286146 	4.975979e-03 	
1162 	0.2976803699 	0.2976803699 	4.975979e-03 	
762 	0.2979259802 	0.2979259802 	4.975979e-03 	
1403 	0.2979410136 	0.2979410136 	4.975979e-03 	
1124 	0.2979598539 	0.2979598539 	4.975979e-03 	
199 	0.2980658879 	0.2980658879 	4.975979e-03 	
1165 	0.2981433234 	0.2981433234 	4.975979e-03 	
1196 	0.2982800543 	0.2982800543 	4.975979e-03 	
1115 	0.2981618409 	0.2981618409 	4.975979e-03 	
949 	0.2984124969 	0.2984124969 	4.975979e-03 	
1380 	0.2983671951 	0.2983671951 	4.975979e-03 	
85 	0.2985840618 	0.2985840618 	4.975979e-03 	
413 	0.298573551 	0.298573551 	4.975979e-03 	
1243 	0.2986170464 	0.2986170464 	4.975979e-03 	
545 	0.2985842289 	0.2985842289 	4.975979e-03 	
24 	0.2985368837 	0.2985368837 	4.975979e-03 	
661 	0.2986455631 	0.2986455631 	4.975979e-03 	
231 	0.2986468907 	0.2986468907 	4.975979e-03 	
1345 	0.2986679494 	0.2986679494 	4.975979e-03 	
1619 	0.298872909 	0.298872909 	4.975979e-03 	
1166 	0.2988232538 	0.2988232538 	4.975979e-03 	
1868 	0.2986709774 	0.2986709774 	4.975979e-03 	
1348 	0.2988795049 	0.2988795049 	4.975979e-03 	
650 	0.29952603 	0.29952603 	4.975979e-03 	
246 	0.2995056411 	0.2995056411 	4.975979e-03 	
1300 	0.2989785913 	0.2989785913 	4.975979e-03 	
1170 	0.2999641527 	0.2999641527 	4.975979e-03 	
946 	0.3005567698 	0.3005567698 	4.975979e-03 	
860 	0.3001220373 	0.3001220373 	4.975979e-03 	
1160 	0.3005772507 	0.3005772507 	4.975979e-03 	
1691 	0.2992217811 	0.2992217811 	4.975979e-03 	
1950 	0.2993855144 	0.2993855144 	4.975979e-03 	
1193 	0.3010609601 	0.3010609601 	4.975979e-03 	
1752 	0.3007739133 	0.3007739133 	4.975979e-03 	
1774 	0.3007139618 	0.3007139618 	4.975979e-03 	
972 	0.3009028984 	0.3009028984 	4.975979e-03 	
1922 	0.3008871589 	0.3008871589 	4.975979e-03 	
1957 	0.3011058119 	0.3011058119 	4.975979e-03 	
445 	0.3011968941 	0.3011968941 	4.975979e-03 	
1249 	0.3013966867 	0.3013966867 	4.975979e-03 	
1560 	0.3019502802 	0.3019502802 	4.975979e-03 	
28 	0.3033623461 	0.3033623461 	4.975979e-03 	
502 	0.3033665008 	0.3033665008 	4.975979e-03 	
363 	0.3036250877 	0.3036250877 	4.975979e-03 	
1845 	0.3024134418 	0.3024134418 	4.975979e-03 	
730 	0.302231878 	0.302231878 	4.975979e-03 	
662 	0.3025842129 	0.3025842129 	4.975979e-03 	
1254 	0.3019797418 	0.3019797418 	4.975979e-03 	
440 	0.3021744726 	0.3021744726 	4.975979e-03 	
1711 	0.3021397883 	0.3021397883 	4.975979e-03 	
1827 	0.3029989265 	0.3029989265 	4.975979e-03 	
737 	0.3029693932 	0.3029693932 	4.975979e-03 	
857 	0.3033266004 	0.3033266004 	4.975979e-03 	
1530 	0.3026848988 	0.3026848988 	4.975979e-03 	
80 	0.301958204 	0.301958204 	4.975979e-03 	
586 	0.3037072307 	0.3037072307 	4.975979e-03 	
507 	0.3023038271 	0.3023038271 	4.975979e-03 	
315 	0.3033050104 	0.3033050104 	4.975979e-03 	
1018 	0.3037091994 	0.3037091994 	4.975979e-03 	
819 	0.303906348 	0.303906348 	4.975979e-03 	
780 	0.3042958742 	0.3042958742 	4.975979e-03 	
1904 	0.3044273421 	0.3044273421 	4.975979e-03 	
1081 	0.3044292053 	0.3044292053 	4.975979e-03 	
1488 	0.3044463729 	0.3044463729 	4.975979e-03 	
75 	0.3039127426 	0.3039127426 	4.975979e-03 	
260 	0.3044755134 	0.3044755134 	4.975979e-03 	
555 	0.3042413312 	0.3042413312 	4.975979e-03 	
368 	0.304527548 	0.304527548 	4.975979e-03 	
297 	0.304796942 	0.304796942 	4.975979e-03 	
1361 	0.3048815142 	0.3048815142 	4.975979e-03 	
192 	0.3048951362 	0.3048951362 	4.975979e-03 	
1417 	0.3053232181 	0.3053232181 	4.975979e-03 	
1952 	0.3050481948 	0.3050481948 	4.975979e-03 	
1366 	0.3054374303 	0.3054374303 	4.975979e-03 	
975 	0.3056542288 	0.3056542288 	4.975979e-03 	
1574 	0.3056761358 	0.3056761358 	4.975979e-03 	
1489 	0.3054115575 	0.3054115575 	4.975979e-03 	
296 	0.3056475703 	0.3056475703 	4.975979e-03 	
783 	0.3058349166 	0.3058349166 	4.975979e-03 	
158 	0.3057499658 	0.3057499658 	4.975979e-03 	
561 	0.3062483751 	0.3062483751 	4.975979e-03 	
1533 	0.3064386409 	0.3064386409 	4.975979e-03 	
1886 	0.3063897026 	0.3063897026 	4.975979e-03 	
905 	0.3065457031 	0.3065457031 	4.975979e-03 	
1669 	0.3067312141 	0.3067312141 	4.975979e-03 	
112 	0.3067125687 	0.3067125687 	4.975979e-03 	
1693 	0.306438785 	0.306438785 	4.975979e-03 	
326 	0.3068013524 	0.3068013524 	4.975979e-03 	
470 	0.3069275167 	0.3069275167 	4.975979e-03 	
1253 	0.3068862066 	0.3068862066 	4.975979e-03 	
689 	0.3077354856 	0.3077354856 	4.975979e-03 	
244 	0.3075664336 	0.3075664336 	4.975979e-03 	
424 	0.3071713088 	0.3071713088 	4.975979e-03 	
1135 	0.3072622531 	0.3072622531 	4.975979e-03 	
1641 	0.3074861308 	0.3074861308 	4.975979e-03 	
390 	0.3073267467 	0.3073267467 	4.975979e-03 	
1218 	0.3081597847 	0.3081597847 	4.975979e-03 	
1640 	0.3080428911 	0.3080428911 	4.975979e-03 	
1943 	0.3082601283 	0.3082601283 	4.975979e-03 	
1090 	0.3086968471 	0.3086968471 	4.975979e-03 	
1925 	0.3077721141 	0.3077721141 	4.975979e-03 	
612 	0.3078563601 	0.3078563601 	4.975979e-03 	
1608 	0.3079648662 	0.3079648662 	4.975979e-03 	
1727 	0.3088765841 	0.3088765841 	4.975979e-03 	
636 	0.3083893758 	0.3083893758 	4.975979e-03 	
1896 	0.3088798136 	0.3088798136 	4.975979e-03 	
1161 	0.3084918829 	0.3084918829 	4.975979e-03 	
1506 	0.3089996818 	0.3089996818 	4.975979e-03 	
83 	0.307787596 	0.307787596 	4.975979e-03 	
35 	0.3088644472 	0.3088644472 	4.975979e-03 	
892 	0.3090547561 	0.3090547561 	4.975979e-03 	
87 	0.3090914829 	0.3090914829 	4.975979e-03 	
1515 	0.3091667071 	0.3091667071 	4.975979e-03 	
238 	0.3093620104 	0.3093620104 	4.975979e-03 	
910 	0.3093968471 	0.3093968471 	4.975979e-03 	
331 	0.3093822437 	0.3093822437 	4.975979e-03 	
1736 	0.3097212721 	0.3097212721 	4.975979e-03 	
342 	0.3099194389 	0.3099194389 	4.975979e-03 	
1690 	0.3097312808 	0.3097312808 	4.975979e-03 	
994 	0.3099941586 	0.3099941586 	4.975979e-03 	
532 	0.3101274637 	0.3101274637 	4.975979e-03 	
1773 	0.309934598 	0.309934598 	4.975979e-03 	
360 	0.3106121853 	0.3106121853 	4.975979e-03 	
1459 	0.3100858039 	0.3100858039 	4.975979e-03 	
1792 	0.3098973538 	0.3098973538 	4.975979e-03 	
657 	0.3104892439 	0.3104892439 	4.975979e-03 	
245 	0.3105395696 	0.3105395696 	4.975979e-03 	
802 	0.31073478 	0.31073478 	4.975979e-03 	
1017 	0.3110467783 	0.3110467783 	4.975979e-03 	
913 	0.3110927149 	0.3110927149 	4.975979e-03 	
1159 	0.3113300598 	0.3113300598 	4.975979e-03 	
1425 	0.3114199632 	0.3114199632 	4.975979e-03 	
301 	0.3119872658 	0.3119872658 	4.975979e-03 	
1492 	0.3115439736 	0.3115439736 	4.975979e-03 	
1341 	0.3115959862 	0.3115959862 	4.975979e-03 	
1847 	0.3121828153 	0.3121828153 	4.975979e-03 	
1820 	0.3114223547 	0.3114223547 	4.975979e-03 	
805 	0.311172291 	0.311172291 	4.975979e-03 	
1924 	0.3122629713 	0.3122629713 	4.975979e-03 	
1782 	0.3112657907 	0.3112657907 	4.975979e-03 	
1338 	0.3113853963 	0.3113853963 	4.975979e-03 	
1224 	0.3133560666 	0.3133560666 	4.975979e-03 	
1602 	0.3134909453 	0.3134909453 	4.975979e-03 	
233 	0.3124991977 	0.3124991977 	4.975979e-03 	
712 	0.3135961904 	0.3135961904 	4.975979e-03 	
1095 	0.3130914725 	0.3130914725 	4.975979e-03 	
1036 	0.3125934879 	0.3125934879 	4.975979e-03 	
656 	0.3134688577 	0.3134688577 	4.975979e-03 	
452 	0.3126746744 	0.3126746744 	4.975979e-03 	
1322 	0.3130912242 	0.3130912242 	4.975979e-03 	
49 	0.3129847959 	0.3129847959 	4.975979e-03 	
735 	0.3133441628 	0.3133441628 	4.975979e-03 	
1212 	0.3126427005 	0.3126427005 	4.975979e-03 	
1037 	0.3124904949 	0.3124904949 	4.975979e-03 	
997 	0.3123232931 	0.3123232931 	4.975979e-03 	
69 	0.3136233098 	0.3136233098 	4.975979e-03 	
1011 	0.3136242739 	0.3136242739 	4.975979e-03 	
1430 	0.3138265186 	0.3138265186 	4.975979e-03 	
1278 	0.3138554645 	0.3138554645 	4.975979e-03 	
62 	0.3138718992 	0.3138718992 	4.975979e-03 	
63 	0.3137494369 	0.3137494369 	4.975979e-03 	
893 	0.3138809652 	0.3138809652 	4.975979e-03 	
159 	0.3139684167 	0.3139684167 	4.975979e-03 	
1777 	0.3139371743 	0.3139371743 	4.975979e-03 	
1250 	0.3141540695 	0.3141540695 	4.975979e-03 	
520 	0.3141931344 	0.3141931344 	4.975979e-03 	
26 	0.3150680781 	0.3150680781 	4.975979e-03 	
66 	0.3142275372 	0.3142275372 	4.975979e-03 	
1590 	0.3142997107 	0.3142997107 	4.975979e-03 	
854 	0.314623862 	0.314623862 	4.975979e-03 	
1040 	0.3143902348 	0.3143902348 	4.975979e-03 	
491 	0.3145252512 	0.3145252512 	4.975979e-03 	
1091 	0.315713003 	0.315713003 	4.975979e-03 	
1015 	0.3154617126 	0.3154617126 	4.975979e-03 	
841 	0.3158314843 	0.3158314843 	4.975979e-03 	
1585 	0.315090203 	0.315090203 	4.975979e-03 	
1611 	0.3151721886 	0.3151721886 	4.975979e-03 	
692 	0.3154440657 	0.3154440657 	4.975979e-03 	
1613 	0.3154471383 	0.3154471383 	4.975979e-03 	
1323 	0.3152577856 	0.3152577856 	4.975979e-03 	
1418 	0.3160061767 	0.3160061767 	4.975979e-03 	
846 	0.3160420493 	0.3160420493 	4.975979e-03 	
1675 	0.3164474877 	0.3164474877 	4.975979e-03 	
1595 	0.3167572204 	0.3167572204 	4.975979e-03 	
273 	0.3162205974 	0.3162205974 	4.975979e-03 	
1968 	0.3167531417 	0.3167531417 	4.975979e-03 	
147 	0.3169453833 	0.3169453833 	4.975979e-03 	
1109 	0.3179052488 	0.3179052488 	4.975979e-03 	
1003 	0.3180236061 	0.3180236061 	4.975979e-03 	
1512 	0.3181531343 	0.3181531343 	4.975979e-03 	
676 	0.3180437475 	0.3180437475 	4.975979e-03 	
370 	0.3175053108 	0.3175053108 	4.975979e-03 	
1890 	0.317923323 	0.317923323 	4.975979e-03 	
566 	0.3176469261 	0.3176469261 	4.975979e-03 	
1629 	0.3183006298 	0.3183006298 	4.975979e-03 	
667 	0.3184164694 	0.3184164694 	4.975979e-03 	
550 	0.3184613248 	0.3184613248 	4.975979e-03 	
252 	0.3185664586 	0.3185664586 	4.975979e-03 	
1626 	0.3187904034 	0.3187904034 	4.975979e-03 	
46 	0.3188267102 	0.3188267102 	4.975979e-03 	
1093 	0.3183061516 	0.3183061516 	4.975979e-03 	
133 	0.3188856763 	0.3188856763 	4.975979e-03 	
1567 	0.3189449949 	0.3189449949 	4.975979e-03 	
1652 	0.3190705375 	0.3190705375 	4.975979e-03 	
111 	0.3190686128 	0.3190686128 	4.975979e-03 	
1232 	0.3192372838 	0.3192372838 	4.975979e-03 	
1448 	0.3193532373 	0.3193532373 	4.975979e-03 	
280 	0.3194261541 	0.3194261541 	4.975979e-03 	
602 	0.3193621229 	0.3193621229 	4.975979e-03 	
172 	0.3195424189 	0.3195424189 	4.975979e-03 	
41 	0.3190915559 	0.3190915559 	4.975979e-03 	
90 	0.319577557 	0.319577557 	4.975979e-03 	
1148 	0.3196141872 	0.3196141872 	4.975979e-03 	
581 	0.31963798 	0.31963798 	4.975979e-03 	
108 	0.3198045291 	0.3198045291 	4.975979e-03 	
490 	0.3199525155 	0.3199525155 	4.975979e-03 	
1231 	0.3199780145 	0.3199780145 	4.975979e-03 	
720 	0.3200009313 	0.3200009313 	4.975979e-03 	
188 	0.3203674886 	0.3203674886 	4.975979e-03 	
1670 	0.3203738591 	0.3203738591 	4.975979e-03 	
823 	0.3208976935 	0.3208976935 	4.975979e-03 	
1029 	0.3204625542 	0.3204625542 	4.975979e-03 	
130 	0.3208335672 	0.3208335672 	4.975979e-03 	
306 	0.3210037098 	0.3210037098 	4.975979e-03 	
131 	0.3209695926 	0.3209695926 	4.975979e-03 	
988 	0.3212389439 	0.3212389439 	4.975979e-03 	
715 	0.3222901593 	0.3222901593 	4.975979e-03 	
1577 	0.3214225805 	0.3214225805 	4.975979e-03 	
653 	0.3212388304 	0.3212388304 	4.975979e-03 	
1842 	0.3222311029 	0.3222311029 	4.975979e-03 	
1173 	0.3212219793 	0.3212219793 	4.975979e-03 	
1801 	0.3217841128 	0.3217841128 	4.975979e-03 	
1505 	0.3217328451 	0.3217328451 	4.975979e-03 	
1831 	0.3220860446 	0.3220860446 	4.975979e-03 	
829 	0.3216648348 	0.3216648348 	4.975979e-03 	
476 	0.3226176363 	0.3226176363 	4.975979e-03 	
1008 	0.3226763852 	0.3226763852 	4.975979e-03 	
1065 	0.3230969304 	0.3230969304 	4.975979e-03 	
1484 	0.3234426889 	0.3234426889 	4.975979e-03 	
1317 	0.3213564316 	0.3213564316 	4.975979e-03 	
1945 	0.3216499379 	0.3216499379 	4.975979e-03 	
864 	0.3230594485 	0.3230594485 	4.975979e-03 	
337 	0.3213431089 	0.3213431089 	4.975979e-03 	
603 	0.321409269 	0.321409269 	4.975979e-03 	
1829 	0.3236056294 	0.3236056294 	4.975979e-03 	
589 	0.3233102351 	0.3233102351 	4.975979e-03 	
1086 	0.3240282374 	0.3240282374 	4.975979e-03 	
914 	0.3237447734 	0.3237447734 	4.975979e-03 	
378 	0.3238834114 	0.3238834114 	4.975979e-03 	
1988 	0.3240141498 	0.3240141498 	4.975979e-03 	
309 	0.3238604772 	0.3238604772 	4.975979e-03 	
208 	0.3238160754 	0.3238160754 	4.975979e-03 	
742 	0.3241498252 	0.3241498252 	4.975979e-03 	
707 	0.3241153863 	0.3241153863 	4.975979e-03 	
1759 	0.3242010179 	0.3242010179 	4.975979e-03 	
684 	0.3241949636 	0.3241949636 	4.975979e-03 	
1716 	0.3242073261 	0.3242073261 	4.975979e-03 	
1476 	0.3243495916 	0.3243495916 	4.975979e-03 	
1523 	0.324404736 	0.324404736 	4.975979e-03 	
317 	0.3248869606 	0.3248869606 	4.975979e-03 	
1724 	0.325557001 	0.325557001 	4.975979e-03 	
175 	0.3254009529 	0.3254009529 	4.975979e-03 	
651 	0.3256053395 	0.3256053395 	4.975979e-03 	
1633 	0.3249691414 	0.3249691414 	4.975979e-03 	
583 	0.3247181997 	0.3247181997 	4.975979e-03 	
1464 	0.3248246125 	0.3248246125 	4.975979e-03 	
928 	0.3256466293 	0.3256466293 	4.975979e-03 	
1638 	0.3257875535 	0.3257875535 	4.975979e-03 	
1440 	0.3258682082 	0.3258682082 	4.975979e-03 	
1881 	0.3259388508 	0.3259388508 	4.975979e-03 	
952 	0.325997935 	0.325997935 	4.975979e-03 	
605 	0.3260317313 	0.3260317313 	4.975979e-03 	
1171 	0.3261233421 	0.3261233421 	4.975979e-03 	
1358 	0.3264132179 	0.3264132179 	4.975979e-03 	
1071 	0.3262000515 	0.3262000515 	4.975979e-03 	
1857 	0.3262963216 	0.3262963216 	4.975979e-03 	
321 	0.3264356291 	0.3264356291 	4.975979e-03 	
329 	0.3266525992 	0.3266525992 	4.975979e-03 	
821 	0.3269292393 	0.3269292393 	4.975979e-03 	
1134 	0.3270846076 	0.3270846076 	4.975979e-03 	
664 	0.3270910471 	0.3270910471 	4.975979e-03 	
630 	0.3273132202 	0.3273132202 	4.975979e-03 	
1700 	0.3272378089 	0.3272378089 	4.975979e-03 	
597 	0.327906409 	0.327906409 	4.975979e-03 	
18 	0.3276933872 	0.3276933872 	4.975979e-03 	
1070 	0.3281574939 	0.3281574939 	4.975979e-03 	
1179 	0.327854997 	0.327854997 	4.975979e-03 	
1155 	0.3276386603 	0.3276386603 	4.975979e-03 	
345 	0.3276118342 	0.3276118342 	4.975979e-03 	
385 	0.3282836175 	0.3282836175 	4.975979e-03 	
1392 	0.3284818737 	0.3284818737 	4.975979e-03 	
1235 	0.3284196193 	0.3284196193 	4.975979e-03 	
21 	0.3284569628 	0.3284569628 	4.975979e-03 	
1400 	0.3283804431 	0.3283804431 	4.975979e-03 	
1862 	0.3285638357 	0.3285638357 	4.975979e-03 	
1546 	0.3288383882 	0.3288383882 	4.975979e-03 	
393 	0.3285841463 	0.3285841463 	4.975979e-03 	
100 	0.3285750012 	0.3285750012 	4.975979e-03 	
1708 	0.3290213281 	0.3290213281 	4.975979e-03 	
1549 	0.3294473745 	0.3294473745 	4.975979e-03 	
71 	0.3294700161 	0.3294700161 	4.975979e-03 	
1647 	0.3292847568 	0.3292847568 	4.975979e-03 	
1062 	0.3296548562 	0.3296548562 	4.975979e-03 	
350 	0.3295587057 	0.3295587057 	4.975979e-03 	
1295 	0.3285702181 	0.3285702181 	4.975979e-03 	
1078 	0.3297188279 	0.3297188279 	4.975979e-03 	
1407 	0.3296261864 	0.3296261864 	4.975979e-03 	
871 	0.3298767354 	0.3298767354 	4.975979e-03 	
541 	0.329934641 	0.329934641 	4.975979e-03 	
1764 	0.3296535917 	0.3296535917 	4.975979e-03 	
1755 	0.3299995988 	0.3299995988 	4.975979e-03 	
314 	0.3304310419 	0.3304310419 	4.975979e-03 	
1826 	0.3302965799 	0.3302965799 	4.975979e-03 	
594 	0.3303236885 	0.3303236885 	4.975979e-03 	
1996 	0.3301542214 	0.3301542214 	4.975979e-03 	
756 	0.330343736 	0.330343736 	4.975979e-03 	
807 	0.3301277763 	0.3301277763 	4.975979e-03 	
483 	0.3304703707 	0.3304703707 	4.975979e-03 	
511 	0.3305135236 	0.3305135236 	4.975979e-03 	
1260 	0.3309777099 	0.3309777099 	4.975979e-03 	
1531 	0.3305141463 	0.3305141463 	4.975979e-03 	
1623 	0.3314089254 	0.3314089254 	4.975979e-03 	
595 	0.331467244 	0.331467244 	4.975979e-03 	
298 	0.3313149437 	0.3313149437 	4.975979e-03 	
671 	0.3315391819 	0.3315391819 	4.975979e-03 	
504 	0.3315841335 	0.3315841335 	4.975979e-03 	
1932 	0.3329922675 	0.3329922675 	4.975979e-03 	
1335 	0.3325805982 	0.3325805982 	4.975979e-03 	
1057 	0.3316226059 	0.3316226059 	4.975979e-03 	
272 	0.3322962404 	0.3322962404 	4.975979e-03 	
1870 	0.3330537094 	0.3330537094 	4.975979e-03 	
1911 	0.3330938257 	0.3330938257 	4.975979e-03 	
1871 	0.3320230526 	0.3320230526 	4.975979e-03 	
1807 	0.3331678214 	0.3331678214 	4.975979e-03 	
1181 	0.3320080647 	0.3320080647 	4.975979e-03 	
1281 	0.3328877184 	0.3328877184 	4.975979e-03 	
1467 	0.3336236667 	0.3336236667 	4.975979e-03 	
216 	0.3321128941 	0.3321128941 	4.975979e-03 	
1350 	0.3335367119 	0.3335367119 	4.975979e-03 	
1399 	0.33412128 	0.33412128 	4.975979e-03 	
980 	0.3339834591 	0.3339834591 	4.975979e-03 	
938 	0.3341667124 	0.3341667124 	4.975979e-03 	
1834 	0.3342628516 	0.3342628516 	4.975979e-03 	
1511 	0.3344073972 	0.3344073972 	4.975979e-03 	
1286 	0.3320848329 	0.3320848329 	4.975979e-03 	
195 	0.3339010616 	0.3339010616 	4.975979e-03 	
885 	0.3344557313 	0.3344557313 	4.975979e-03 	
931 	0.3345687396 	0.3345687396 	4.975979e-03 	
1343 	0.3340265244 	0.3340265244 	4.975979e-03 	
1101 	0.3346538659 	0.3346538659 	4.975979e-03 	
1513 	0.3346845823 	0.3346845823 	4.975979e-03 	
574 	0.3348552934 	0.3348552934 	4.975979e-03 	
482 	0.3348918801 	0.3348918801 	4.975979e-03 	
882 	0.3350074594 	0.3350074594 	4.975979e-03 	
223 	0.3350819373 	0.3350819373 	4.975979e-03 	
253 	0.3350506006 	0.3350506006 	4.975979e-03 	
121 	0.3353711804 	0.3353711804 	4.975979e-03 	
862 	0.3354495367 	0.3354495367 	4.975979e-03 	
126 	0.3357328714 	0.3357328714 	4.975979e-03 	
700 	0.335905402 	0.335905402 	4.975979e-03 	
1098 	0.3359252067 	0.3359252067 	4.975979e-03 	
278 	0.3358227897 	0.3358227897 	4.975979e-03 	
1605 	0.3361802569 	0.3361802569 	4.975979e-03 	
944 	0.3361891193 	0.3361891193 	4.975979e-03 	
427 	0.3363478721 	0.3363478721 	4.975979e-03 	
1837 	0.3355231839 	0.3355231839 	4.975979e-03 	
569 	0.3362171693 	0.3362171693 	4.975979e-03 	
1785 	0.3364837791 	0.3364837791 	4.975979e-03 	
54 	0.33626201 	0.33626201 	4.975979e-03 	
180 	0.336554043 	0.336554043 	4.975979e-03 	
1865 	0.3365635134 	0.3365635134 	4.975979e-03 	
798 	0.337068846 	0.337068846 	4.975979e-03 	
1152 	0.3367378163 	0.3367378163 	4.975979e-03 	
922 	0.3369799278 	0.3369799278 	4.975979e-03 	
512 	0.337166378 	0.337166378 	4.975979e-03 	
281 	0.3374113997 	0.3374113997 	4.975979e-03 	
793 	0.3374564692 	0.3374564692 	4.975979e-03 	
1028 	0.3375476784 	0.3375476784 	4.975979e-03 	
1937 	0.3379484599 	0.3379484599 	4.975979e-03 	
1893 	0.3375806795 	0.3375806795 	4.975979e-03 	
1728 	0.3384816049 	0.3384816049 	4.975979e-03 	
7 	0.3379757643 	0.3379757643 	4.975979e-03 	
1539 	0.3381203161 	0.3381203161 	4.975979e-03 	
1111 	0.3382704458 	0.3382704458 	4.975979e-03 	
849 	0.3382197698 	0.3382197698 	4.975979e-03 	
404 	0.3385664304 	0.3385664304 	4.975979e-03 	
728 	0.338576832 	0.338576832 	4.975979e-03 	
1389 	0.3386966505 	0.3386966505 	4.975979e-03 	
82 	0.3385301339 	0.3385301339 	4.975979e-03 	
1960 	0.3393010795 	0.3393010795 	4.975979e-03 	
1800 	0.3393258958 	0.3393258958 	4.975979e-03 	
995 	0.3393495807 	0.3393495807 	4.975979e-03 	
924 	0.3396707128 	0.3396707128 	4.975979e-03 	
1621 	0.3395166444 	0.3395166444 	4.975979e-03 	
961 	0.3394443107 	0.3394443107 	4.975979e-03 	
288 	0.3402326024 	0.3402326024 	4.975979e-03 	
1683 	0.3398270393 	0.3398270393 	4.975979e-03 	
1009 	0.340457771 	0.340457771 	4.975979e-03 	
1026 	0.3403500371 	0.3403500371 	4.975979e-03 	
1047 	0.340253788 	0.340253788 	4.975979e-03 	
1497 	0.3397773715 	0.3397773715 	4.975979e-03 	
139 	0.3399542814 	0.3399542814 	4.975979e-03 	
1569 	0.3408215918 	0.3408215918 	4.975979e-03 	
872 	0.3407218814 	0.3407218814 	4.975979e-03 	
1188 	0.3408912968 	0.3408912968 	4.975979e-03 	
643 	0.340918679 	0.340918679 	4.975979e-03 	
750 	0.3391089136 	0.3391089136 	4.975979e-03 	
1386 	0.3390613389 	0.3390613389 	4.975979e-03 	
1270 	0.3418842142 	0.3418842142 	4.975979e-03 	
1806 	0.3412451132 	0.3412451132 	4.975979e-03 	
1790 	0.3410956401 	0.3410956401 	4.975979e-03 	
1587 	0.3419477449 	0.3419477449 	4.975979e-03 	
1117 	0.3417454609 	0.3417454609 	4.975979e-03 	
558 	0.3409626169 	0.3409626169 	4.975979e-03 	
1848 	0.3409707766 	0.3409707766 	4.975979e-03 	
93 	0.3420249981 	0.3420249981 	4.975979e-03 	
1076 	0.3424821655 	0.3424821655 	4.975979e-03 	
391 	0.342302436 	0.342302436 	4.975979e-03 	
1163 	0.3424278873 	0.3424278873 	4.975979e-03 	
1410 	0.342870721 	0.342870721 	4.975979e-03 	
1726 	0.3427246281 	0.3427246281 	4.975979e-03 	
1632 	0.3436535717 	0.3436535717 	4.975979e-03 	
1325 	0.3435874436 	0.3435874436 	4.975979e-03 	
1458 	0.3436527785 	0.3436527785 	4.975979e-03 	
659 	0.3430079399 	0.3430079399 	4.975979e-03 	
1412 	0.3438412373 	0.3438412373 	4.975979e-03 	
1582 	0.3431845386 	0.3431845386 	4.975979e-03 	
205 	0.342968173 	0.342968173 	4.975979e-03 	
381 	0.3430985417 	0.3430985417 	4.975979e-03 	
1447 	0.3437080825 	0.3437080825 	4.975979e-03 	
1791 	0.3439995606 	0.3439995606 	4.975979e-03 	
826 	0.3440839996 	0.3440839996 	4.975979e-03 	
1119 	0.342508201 	0.342508201 	4.975979e-03 	
503 	0.3444294533 	0.3444294533 	4.975979e-03 	
1215 	0.3447028288 	0.3447028288 	4.975979e-03 	
638 	0.3446641866 	0.3446641866 	4.975979e-03 	
1314 	0.34450353 	0.34450353 	4.975979e-03 	
1678 	0.3446522528 	0.3446522528 	4.975979e-03 	
1898 	0.3450676755 	0.3450676755 	4.975979e-03 	
38 	0.344836506 	0.344836506 	4.975979e-03 	
1672 	0.3454346381 	0.3454346381 	4.975979e-03 	
1099 	0.3450704615 	0.3450704615 	4.975979e-03 	
295 	0.3451746078 	0.3451746078 	4.975979e-03 	
150 	0.3451567626 	0.3451567626 	4.975979e-03 	
468 	0.345178623 	0.345178623 	4.975979e-03 	
1971 	0.3454675547 	0.3454675547 	4.975979e-03 	
144 	0.3457558245 	0.3457558245 	4.975979e-03 	
1618 	0.3463510585 	0.3463510585 	4.975979e-03 	
1504 	0.3460655501 	0.3460655501 	4.975979e-03 	
439 	0.3459212251 	0.3459212251 	4.975979e-03 	
1129 	0.3465064601 	0.3465064601 	4.975979e-03 	
665 	0.3466195382 	0.3466195382 	4.975979e-03 	
670 	0.346789224 	0.346789224 	4.975979e-03 	
547 	0.3468079288 	0.3468079288 	4.975979e-03 	
1603 	0.3468616198 	0.3468616198 	4.975979e-03 	
681 	0.3468762898 	0.3468762898 	4.975979e-03 	
686 	0.3469364534 	0.3469364534 	4.975979e-03 	
556 	0.3469260208 	0.3469260208 	4.975979e-03 	
1610 	0.3469794858 	0.3469794858 	4.975979e-03 	
33 	0.3470782351 	0.3470782351 	4.975979e-03 	
1616 	0.3472066931 	0.3472066931 	4.975979e-03 	
57 	0.347437485 	0.347437485 	4.975979e-03 	
20 	0.3475214956 	0.3475214956 	4.975979e-03 	
751 	0.3469067302 	0.3469067302 	4.975979e-03 	
625 	0.3469502517 	0.3469502517 	4.975979e-03 	
43 	0.3475089625 	0.3475089625 	4.975979e-03 	
27 	0.3475523473 	0.3475523473 	4.975979e-03 	
1240 	0.3476130647 	0.3476130647 	4.975979e-03 	
36 	0.347559338 	0.347559338 	4.975979e-03 	
1216 	0.347689578 	0.347689578 	4.975979e-03 	
1245 	0.3477127753 	0.3477127753 	4.975979e-03 	
1548 	0.3486010448 	0.3486010448 	4.975979e-03 	
1353 	0.348746085 	0.348746085 	4.975979e-03 	
166 	0.3481941349 	0.3481941349 	4.975979e-03 	
1242 	0.3477103798 	0.3477103798 	4.975979e-03 	
1431 	0.3488197857 	0.3488197857 	4.975979e-03 	
531 	0.3494162533 	0.3494162533 	4.975979e-03 	
538 	0.3493778655 	0.3493778655 	4.975979e-03 	
1765 	0.3494918669 	0.3494918669 	4.975979e-03 	
1749 	0.3491339914 	0.3491339914 	4.975979e-03 	
757 	0.3496755385 	0.3496755385 	4.975979e-03 	
164 	0.3495684512 	0.3495684512 	4.975979e-03 	
1783 	0.3497689199 	0.3497689199 	4.975979e-03 	
754 	0.349986977 	0.349986977 	4.975979e-03 	
1328 	0.349901337 	0.349901337 	4.975979e-03 	
457 	0.3509985587 	0.3509985587 	4.975979e-03 	
1035 	0.350165309 	0.350165309 	4.975979e-03 	
540 	0.3499023537 	0.3499023537 	4.975979e-03 	
1261 	0.3506785812 	0.3506785812 	4.975979e-03 	
1206 	0.351347359 	0.351347359 	4.975979e-03 	
462 	0.3512572843 	0.3512572843 	4.975979e-03 	
432 	0.3513711018 	0.3513711018 	4.975979e-03 	
1258 	0.3512231924 	0.3512231924 	4.975979e-03 	
1201 	0.3515492129 	0.3515492129 	4.975979e-03 	
709 	0.3518378594 	0.3518378594 	4.975979e-03 	
505 	0.3517759382 	0.3517759382 	4.975979e-03 	
1660 	0.3519862489 	0.3519862489 	4.975979e-03 	
706 	0.3520952922 	0.3520952922 	4.975979e-03 	
510 	0.3526426209 	0.3526426209 	4.975979e-03 	
1685 	0.3520068311 	0.3520068311 	4.975979e-03 	
72 	0.3527070341 	0.3527070341 	4.975979e-03 	
141 	0.3529397878 	0.3529397878 	4.975979e-03 	
1333 	0.3533999001 	0.3533999001 	4.975979e-03 	
1280 	0.3536285778 	0.3536285778 	4.975979e-03 	
1083 	0.3534899538 	0.3534899538 	4.975979e-03 	
1930 	0.3537910858 	0.3537910858 	4.975979e-03 	
1596 	0.3533991686 	0.3533991686 	4.975979e-03 	
1372 	0.3539838845 	0.3539838845 	4.975979e-03 	
1682 	0.3540603452 	0.3540603452 	4.975979e-03 	
1055 	0.3545898533 	0.3545898533 	4.975979e-03 	
1735 	0.3547513589 	0.3547513589 	4.975979e-03 	
941 	0.3545488533 	0.3545488533 	4.975979e-03 	
620 	0.3547515765 	0.3547515765 	4.975979e-03 	
1140 	0.3544416666 	0.3544416666 	4.975979e-03 	
1933 	0.3548850773 	0.3548850773 	4.975979e-03 	
1 	0.3530812122 	0.3530812122 	4.975979e-03 	
371 	0.3531923216 	0.3531923216 	4.975979e-03 	
1876 	0.3548806036 	0.3548806036 	4.975979e-03 	
836 	0.354996182 	0.354996182 	4.975979e-03 	
1363 	0.3552129975 	0.3552129975 	4.975979e-03 	
799 	0.3555332512 	0.3555332512 	4.975979e-03 	
1978 	0.3553949718 	0.3553949718 	4.975979e-03 	
1002 	0.355837428 	0.355837428 	4.975979e-03 	
138 	0.3561670576 	0.3561670576 	4.975979e-03 	
1272 	0.3561085229 	0.3561085229 	4.975979e-03 	
418 	0.3559260705 	0.3559260705 	4.975979e-03 	
460 	0.3562325926 	0.3562325926 	4.975979e-03 	
91 	0.3562759721 	0.3562759721 	4.975979e-03 	
1981 	0.3560122779 	0.3560122779 	4.975979e-03 	
421 	0.3565223557 	0.3565223557 	4.975979e-03 	
230 	0.3568353604 	0.3568353604 	4.975979e-03 	
727 	0.3569774548 	0.3569774548 	4.975979e-03 	
645 	0.3569440447 	0.3569440447 	4.975979e-03 	
884 	0.3573340269 	0.3573340269 	4.975979e-03 	
1883 	0.3575118051 	0.3575118051 	4.975979e-03 	
1899 	0.3578189819 	0.3578189819 	4.975979e-03 	
120 	0.3573187649 	0.3573187649 	4.975979e-03 	
1019 	0.3576252462 	0.3576252462 	4.975979e-03 	
352 	0.3582189306 	0.3582189306 	4.975979e-03 	
1158 	0.3576536112 	0.3576536112 	4.975979e-03 	
1743 	0.3579261301 	0.3579261301 	4.975979e-03 	
792 	0.3585218185 	0.3585218185 	4.975979e-03 	
1874 	0.3587308725 	0.3587308725 	4.975979e-03 	
1812 	0.3587833406 	0.3587833406 	4.975979e-03 	
1455 	0.3590582616 	0.3590582616 	4.975979e-03 	
1379 	0.3589497183 	0.3589497183 	4.975979e-03 	
808 	0.3592846627 	0.3592846627 	4.975979e-03 	
1892 	0.3598486263 	0.3598486263 	4.975979e-03 	
966 	0.3594229424 	0.3594229424 	4.975979e-03 	
323 	0.3591100389 	0.3591100389 	4.975979e-03 	
687 	0.3588662861 	0.3588662861 	4.975979e-03 	
271 	0.3612228229 	0.3612228229 	4.975979e-03 	
1153 	0.3592127336 	0.3592127336 	4.975979e-03 	
250 	0.3616043194 	0.3616043194 	4.975979e-03 	
576 	0.3623620582 	0.3623620582 	4.975979e-03 	
1433 	0.359940504 	0.359940504 	4.975979e-03 	
1518 	0.3599236687 	0.3599236687 	4.975979e-03 	
225 	0.361651052 	0.361651052 	4.975979e-03 	
1319 	0.3600799255 	0.3600799255 	4.975979e-03 	
402 	0.3605397386 	0.3605397386 	4.975979e-03 	
1502 	0.3601051244 	0.3601051244 	4.975979e-03 	
1650 	0.3609667723 	0.3609667723 	4.975979e-03 	
1005 	0.3625451094 	0.3625451094 	4.975979e-03 	
106 	0.3610181316 	0.3610181316 	4.975979e-03 	
399 	0.3609978257 	0.3609978257 	4.975979e-03 	
492 	0.362701117 	0.362701117 	4.975979e-03 	
743 	0.3627145873 	0.3627145873 	4.975979e-03 	
663 	0.3632649362 	0.3632649362 	4.975979e-03 	
1388 	0.3633391572 	0.3633391572 	4.975979e-03 	
405 	0.3629434743 	0.3629434743 	4.975979e-03 	
1461 	0.3636911389 	0.3636911389 	4.975979e-03 	
925 	0.3629172663 	0.3629172663 	4.975979e-03 	
1301 	0.3645273076 	0.3645273076 	4.975979e-03 	
891 	0.3644234811 	0.3644234811 	4.975979e-03 	
704 	0.3637935231 	0.3637935231 	4.975979e-03 	
1912 	0.3638335921 	0.3638335921 	4.975979e-03 	
307 	0.3648752565 	0.3648752565 	4.975979e-03 	
960 	0.3647273521 	0.3647273521 	4.975979e-03 	
1561 	0.3649207846 	0.3649207846 	4.975979e-03 	
838 	0.3652067627 	0.3652067627 	4.975979e-03 	
1721 	0.3633667789 	0.3633667789 	4.975979e-03 	
202 	0.363962857 	0.363962857 	4.975979e-03 	
303 	0.3653676207 	0.3653676207 	4.975979e-03 	
332 	0.3655437388 	0.3655437388 	4.975979e-03 	
1014 	0.3656385023 	0.3656385023 	4.975979e-03 	
380 	0.3658138454 	0.3658138454 	4.975979e-03 	
736 	0.3659625354 	0.3659625354 	4.975979e-03 	
1496 	0.3666737072 	0.3666737072 	4.975979e-03 	
1374 	0.3666899436 	0.3666899436 	4.975979e-03 	
261 	0.366697609 	0.366697609 	4.975979e-03 	
987 	0.3667529286 	0.3667529286 	4.975979e-03 	
1475 	0.3668098226 	0.3668098226 	4.975979e-03 	
1413 	0.3668143397 	0.3668143397 	4.975979e-03 	
1522 	0.3668750225 	0.3668750225 	4.975979e-03 	
1112 	0.3670517803 	0.3670517803 	4.975979e-03 	
1849 	0.3674636756 	0.3674636756 	4.975979e-03 	
1593 	0.3675182734 	0.3675182734 	4.975979e-03 	
763 	0.3677680489 	0.3677680489 	4.975979e-03 	
827 	0.367672389 	0.367672389 	4.975979e-03 	
15 	0.3678410629 	0.3678410629 	4.975979e-03 	
870 	0.3672759954 	0.3672759954 	4.975979e-03 	
289 	0.3676524336 	0.3676524336 	4.975979e-03 	
1910 	0.3681096614 	0.3681096614 	4.975979e-03 	
1995 	0.3678666777 	0.3678666777 	4.975979e-03 	
897 	0.368286923 	0.368286923 	4.975979e-03 	
1048 	0.3685658844 	0.3685658844 	4.975979e-03 	
843 	0.3683399318 	0.3683399318 	4.975979e-03 	
1905 	0.3702631358 	0.3702631358 	4.975979e-03 	
781 	0.3697359563 	0.3697359563 	4.975979e-03 	
254 	0.369300651 	0.369300651 	4.975979e-03 	
1746 	0.3695174426 	0.3695174426 	4.975979e-03 	
1204 	0.3707972957 	0.3707972957 	4.975979e-03 	
1330 	0.3729827014 	0.3729827014 	4.975979e-03 	
582 	0.3710731365 	0.3710731365 	4.975979e-03 	
1532 	0.3690813958 	0.3690813958 	4.975979e-03 	
1128 	0.3717347149 	0.3717347149 	4.975979e-03 	
74 	0.3687642768 	0.3687642768 	4.975979e-03 	
1951 	0.3690452885 	0.3690452885 	4.975979e-03 	
398 	0.3701343416 	0.3701343416 	4.975979e-03 	
258 	0.3690459933 	0.3690459933 	4.975979e-03 	
1406 	0.3708249341 	0.3708249341 	4.975979e-03 	
161 	0.3689667539 	0.3689667539 	4.975979e-03 	
1821 	0.3718597905 	0.3718597905 	4.975979e-03 	
996 	0.3729193389 	0.3729193389 	4.975979e-03 	
311 	0.3725509918 	0.3725509918 	4.975979e-03 	
772 	0.3711774408 	0.3711774408 	4.975979e-03 	
1639 	0.3705679672 	0.3705679672 	4.975979e-03 	
1673 	0.3709910176 	0.3709910176 	4.975979e-03 	
1888 	0.3695861998 	0.3695861998 	4.975979e-03 	
1514 	0.3707368288 	0.3707368288 	4.975979e-03 	
145 	0.3705096453 	0.3705096453 	4.975979e-03 	
1438 	0.3730963042 	0.3730963042 	4.975979e-03 	
904 	0.373171044 	0.373171044 	4.975979e-03 	
485 	0.3735080101 	0.3735080101 	4.975979e-03 	
624 	0.3735991828 	0.3735991828 	4.975979e-03 	
366 	0.3741968384 	0.3741968384 	4.975979e-03 	
921 	0.3736174225 	0.3736174225 	4.975979e-03 	
610 	0.3742482712 	0.3742482712 	4.975979e-03 	
268 	0.3742595221 	0.3742595221 	4.975979e-03 	
1818 	0.3743039393 	0.3743039393 	4.975979e-03 	
1077 	0.3743209882 	0.3743209882 	4.975979e-03 	
1247 	0.3744900825 	0.3744900825 	4.975979e-03 	
330 	0.3745338173 	0.3745338173 	4.975979e-03 	
855 	0.3745261508 	0.3745261508 	4.975979e-03 	
631 	0.3749690437 	0.3749690437 	4.975979e-03 	
599 	0.374759594 	0.374759594 	4.975979e-03 	
37 	0.3751152722 	0.3751152722 	4.975979e-03 	
1244 	0.3750979076 	0.3750979076 	4.975979e-03 	
1692 	0.3754259668 	0.3754259668 	4.975979e-03 	
1762 	0.3754945734 	0.3754945734 	4.975979e-03 	
204 	0.3753185186 	0.3753185186 	4.975979e-03 	
243 	0.3753126944 	0.3753126944 	4.975979e-03 	
1671 	0.3755827418 	0.3755827418 	4.975979e-03 	
1776 	0.3760954707 	0.3760954707 	4.975979e-03 	
232 	0.3756347239 	0.3756347239 	4.975979e-03 	
1315 	0.3756844847 	0.3756844847 	4.975979e-03 	
1622 	0.3764339447 	0.3764339447 	4.975979e-03 	
521 	0.3765355784 	0.3765355784 	4.975979e-03 	
6 	0.375669409 	0.375669409 	4.975979e-03 	
557 	0.3771042873 	0.3771042873 	4.975979e-03 	
127 	0.3765702547 	0.3765702547 	4.975979e-03 	
361 	0.3771323092 	0.3771323092 	4.975979e-03 	
467 	0.3774257967 	0.3774257967 	4.975979e-03 	
623 	0.3774644369 	0.3774644369 	4.975979e-03 	
1195 	0.3776189147 	0.3776189147 	4.975979e-03 	
613 	0.377871647 	0.377871647 	4.975979e-03 	
591 	0.3778805054 	0.3778805054 	4.975979e-03 	
1041 	0.3782981501 	0.3782981501 	4.975979e-03 	
1424 	0.3781607433 	0.3781607433 	4.975979e-03 	
1118 	0.3788281653 	0.3788281653 	4.975979e-03 	
1771 	0.3784446863 	0.3784446863 	4.975979e-03 	
1308 	0.3778916046 	0.3778916046 	4.975979e-03 	
447 	0.3790473195 	0.3790473195 	4.975979e-03 	
1942 	0.3794047762 	0.3794047762 	4.975979e-03 	
67 	0.3800687239 	0.3800687239 	4.975979e-03 	
463 	0.3789537209 	0.3789537209 	4.975979e-03 	
526 	0.3801896352 	0.3801896352 	4.975979e-03 	
1507 	0.3812104505 	0.3812104505 	4.975979e-03 	
708 	0.3809283716 	0.3809283716 	4.975979e-03 	
78 	0.3811486827 	0.3811486827 	4.975979e-03 	
1329 	0.3812611919 	0.3812611919 	4.975979e-03 	
187 	0.3820259524 	0.3820259524 	4.975979e-03 	
1748 	0.381521011 	0.381521011 	4.975979e-03 	
1046 	0.3828032229 	0.3828032229 	4.975979e-03 	
109 	0.3832640694 	0.3832640694 	4.975979e-03 	
902 	0.3818769564 	0.3818769564 	4.975979e-03 	
1010 	0.3834127481 	0.3834127481 	4.975979e-03 	
1863 	0.3849377663 	0.3849377663 	4.975979e-03 	
1178 	0.3841961331 	0.3841961331 	4.975979e-03 	
8 	0.3826278659 	0.3826278659 	4.975979e-03 	
691 	0.3822962213 	0.3822962213 	4.975979e-03 	
456 	0.3831648258 	0.3831648258 	4.975979e-03 	
279 	0.3833969405 	0.3833969405 	4.975979e-03 	
1172 	0.3849643045 	0.3849643045 	4.975979e-03 	
1287 	0.3849959997 	0.3849959997 	4.975979e-03 	
1653 	0.3837623818 	0.3837623818 	4.975979e-03 	
34 	0.3839154994 	0.3839154994 	4.975979e-03 	
1597 	0.3841749671 	0.3841749671 	4.975979e-03 	
1146 	0.3841619504 	0.3841619504 	4.975979e-03 	
1370 	0.3850794582 	0.3850794582 	4.975979e-03 	
698 	0.3850769739 	0.3850769739 	4.975979e-03 	
1023 	0.386418815 	0.386418815 	4.975979e-03 	
1251 	0.3853221918 	0.3853221918 	4.975979e-03 	
1525 	0.3860601625 	0.3860601625 	4.975979e-03 	
666 	0.3855046585 	0.3855046585 	4.975979e-03 	
680 	0.3860293541 	0.3860293541 	4.975979e-03 	
543 	0.386495159 	0.386495159 	4.975979e-03 	
16 	0.3865161364 	0.3865161364 	4.975979e-03 	
652 	0.3866700471 	0.3866700471 	4.975979e-03 	
1835 	0.3868894245 	0.3868894245 	4.975979e-03 	
1699 	0.3874925292 	0.3874925292 	4.975979e-03 	
132 	0.3875180618 	0.3875180618 	4.975979e-03 	
1566 	0.3876735337 	0.3876735337 	4.975979e-03 	
1200 	0.3876738552 	0.3876738552 	4.975979e-03 	
1617 	0.3878165291 	0.3878165291 	4.975979e-03 	
1677 	0.3877481495 	0.3877481495 	4.975979e-03 	
1225 	0.3878402169 	0.3878402169 	4.975979e-03 	
1149 	0.3888474744 	0.3888474744 	4.975979e-03 	
1284 	0.3891477663 	0.3891477663 	4.975979e-03 	
1298 	0.3885823352 	0.3885823352 	4.975979e-03 	
509 	0.3879843083 	0.3879843083 	4.975979e-03 	
48 	0.3879558258 	0.3879558258 	4.975979e-03 	
834 	0.3892641543 	0.3892641543 	4.975979e-03 	
1944 	0.3893554568 	0.3893554568 	4.975979e-03 	
1843 	0.3895484073 	0.3895484073 	4.975979e-03 	
628 	0.3896914531 	0.3896914531 	4.975979e-03 	
721 	0.3897962027 	0.3897962027 	4.975979e-03 	
77 	0.390535295 	0.390535295 	4.975979e-03 	
1257 	0.3910620949 	0.3910620949 	4.975979e-03 	
1087 	0.3908076215 	0.3908076215 	4.975979e-03 	
813 	0.3898639676 	0.3898639676 	4.975979e-03 	
1186 	0.3912663449 	0.3912663449 	4.975979e-03 	
73 	0.3913520285 	0.3913520285 	4.975979e-03 	
940 	0.3921141828 	0.3921141828 	4.975979e-03 	
1265 	0.3924702936 	0.3924702936 	4.975979e-03 	
697 	0.3925021717 	0.3925021717 	4.975979e-03 	
1878 	0.3921880766 	0.3921880766 	4.975979e-03 	
865 	0.3921886165 	0.3921886165 	4.975979e-03 	
575 	0.3925762766 	0.3925762766 	4.975979e-03 	
1576 	0.3927879754 	0.3927879754 	4.975979e-03 	
1627 	0.3929486856 	0.3929486856 	4.975979e-03 	
1877 	0.3931291409 	0.3931291409 	4.975979e-03 	
1485 	0.3932176702 	0.3932176702 	4.975979e-03 	
1811 	0.3933138661 	0.3933138661 	4.975979e-03 	
1544 	0.3931885009 	0.3931885009 	4.975979e-03 	
1966 	0.3935953021 	0.3935953021 	4.975979e-03 	
308 	0.3941647587 	0.3941647587 	4.975979e-03 	
778 	0.3942336554 	0.3942336554 	4.975979e-03 	
149 	0.3949318166 	0.3949318166 	4.975979e-03 	
809 	0.3941775267 	0.3941775267 	4.975979e-03 	
1207 	0.3944322819 	0.3944322819 	4.975979e-03 	
1401 	0.3943123563 	0.3943123563 	4.975979e-03 	
753 	0.3956553111 	0.3956553111 	4.975979e-03 	
351 	0.3958813492 	0.3958813492 	4.975979e-03 	
1334 	0.3964335654 	0.3964335654 	4.975979e-03 	
745 	0.3975138171 	0.3975138171 	4.975979e-03 	
1594 	0.397630958 	0.397630958 	4.975979e-03 	
771 	0.3981143338 	0.3981143338 	4.975979e-03 	
1446 	0.3964612407 	0.3964612407 	4.975979e-03 	
853 	0.398414353 	0.398414353 	4.975979e-03 	
1934 	0.3988658605 	0.3988658605 	4.975979e-03 	
828 	0.396775337 	0.396775337 	4.975979e-03 	
50 	0.3971401376 	0.3971401376 	4.975979e-03 	
722 	0.3996875707 	0.3996875707 	4.975979e-03 	
958 	0.3997542461 	0.3997542461 	4.975979e-03 	
1552 	0.3936511498 	0.3936511498 	4.975979e-03 	
267 	0.400031106 	0.400031106 	4.975979e-03 	
1373 	0.3998960195 	0.3998960195 	4.975979e-03 	
1601 	0.400443491 	0.400443491 	4.975979e-03 	
167 	0.4003414302 	0.4003414302 	4.975979e-03 	
1989 	0.4008151214 	0.4008151214 	4.975979e-03 	
384 	0.393840368 	0.393840368 	4.975979e-03 	
1964 	0.4002978809 	0.4002978809 	4.975979e-03 	
1316 	0.4006483635 	0.4006483635 	4.975979e-03 	
1600 	0.4010146177 	0.4010146177 	4.975979e-03 	
376 	0.4010445755 	0.4010445755 	4.975979e-03 	
1854 	0.40139972 	0.40139972 	4.975979e-03 	
1132 	0.3957940966 	0.3957940966 	4.975979e-03 	
696 	0.4009806839 	0.4009806839 	4.975979e-03 	
1923 	0.4009627217 	0.4009627217 	4.975979e-03 	
135 	0.4018082685 	0.4018082685 	4.975979e-03 	
1307 	0.4017525905 	0.4017525905 	4.975979e-03 	
411 	0.4016911577 	0.4016911577 	4.975979e-03 	
1419 	0.4024854204 	0.4024854204 	4.975979e-03 	
1482 	0.4037415055 	0.4037415055 	4.975979e-03 	
477 	0.4026677064 	0.4026677064 	4.975979e-03 	
1766 	0.4033053653 	0.4033053653 	4.975979e-03 	
981 	0.4040695921 	0.4040695921 	4.975979e-03 	
294 	0.4045439637 	0.4045439637 	4.975979e-03 	
1409 	0.4039107877 	0.4039107877 	4.975979e-03 	
1480 	0.4059707128 	0.4059707128 	4.975979e-03 	
217 	0.4066200076 	0.4066200076 	4.975979e-03 	
1199 	0.4064128867 	0.4064128867 	4.975979e-03 	
1460 	0.4056216179 	0.4056216179 	4.975979e-03 	
1056 	0.4057688708 	0.4057688708 	4.975979e-03 	
55 	0.4067002967 	0.4067002967 	4.975979e-03 	
1435 	0.4057697878 	0.4057697878 	4.975979e-03 	
305 	0.4061267991 	0.4061267991 	4.975979e-03 	
1836 	0.4070999063 	0.4070999063 	4.975979e-03 	
438 	0.4086890488 	0.4086890488 	4.975979e-03 	
1503 	0.4068529354 	0.4068529354 	4.975979e-03 	
1441 	0.4067075804 	0.4067075804 	4.975979e-03 	
879 	0.4087223897 	0.4087223897 	4.975979e-03 	
420 	0.4087802824 	0.4087802824 	4.975979e-03 	
1063 	0.4072291378 	0.4072291378 	4.975979e-03 	
1706 	0.4097206817 	0.4097206817 	4.975979e-03 	
1486 	0.4107464087 	0.4107464087 	4.975979e-03 	
333 	0.4116205047 	0.4116205047 	4.975979e-03 	
568 	0.4118725218 	0.4118725218 	4.975979e-03 	
577 	0.4117107949 	0.4117107949 	4.975979e-03 	
598 	0.4120087686 	0.4120087686 	4.975979e-03 	
1184 	0.4129828663 	0.4129828663 	4.975979e-03 	
642 	0.4128753755 	0.4128753755 	4.975979e-03 	
953 	0.4133179266 	0.4133179266 	4.975979e-03 	
89 	0.4126685694 	0.4126685694 	4.975979e-03 	
406 	0.4137674479 	0.4137674479 	4.975979e-03 	
1856 	0.4145863358 	0.4145863358 	4.975979e-03 	
178 	0.412207195 	0.412207195 	4.975979e-03 	
837 	0.4122480095 	0.4122480095 	4.975979e-03 	
344 	0.4116633572 	0.4116633572 	4.975979e-03 	
1903 	0.4124063261 	0.4124063261 	4.975979e-03 	
1318 	0.4104515437 	0.4104515437 	4.975979e-03 	
1274 	0.414702231 	0.414702231 	4.975979e-03 	
967 	0.4127260175 	0.4127260175 	4.975979e-03 	
796 	0.4127475569 	0.4127475569 	4.975979e-03 	
1858 	0.4147617683 	0.4147617683 	4.975979e-03 	
1445 	0.412158334 	0.412158334 	4.975979e-03 	
1720 	0.4151502536 	0.4151502536 	4.975979e-03 	
1980 	0.4157286762 	0.4157286762 	4.975979e-03 	
814 	0.4159154309 	0.4159154309 	4.975979e-03 	
701 	0.4159453759 	0.4159453759 	4.975979e-03 	
1729 	0.4167781775 	0.4167781775 	4.975979e-03 	
830 	0.4170799582 	0.4170799582 	4.975979e-03 	
978 	0.4171570897 	0.4171570897 	4.975979e-03 	
747 	0.4188053509 	0.4188053509 	4.975979e-03 	
1604 	0.4175197338 	0.4175197338 	4.975979e-03 	
1061 	0.4191432293 	0.4191432293 	4.975979e-03 	
1107 	0.4195260571 	0.4195260571 	4.975979e-03 	
99 	0.4195883197 	0.4195883197 	4.975979e-03 	
726 	0.4197936617 	0.4197936617 	4.975979e-03 	
220 	0.4199164586 	0.4199164586 	4.975979e-03 	
346 	0.4218146129 	0.4218146129 	4.975979e-03 	
1079 	0.4211635916 	0.4211635916 	4.975979e-03 	
554 	0.415558148 	0.415558148 	4.975979e-03 	
1073 	0.4221740736 	0.4221740736 	4.975979e-03 	
1230 	0.4218355211 	0.4218355211 	4.975979e-03 	
1074 	0.4229993303 	0.4229993303 	4.975979e-03 	
339 	0.4202273729 	0.4202273729 	4.975979e-03 	
506 	0.4230497207 	0.4230497207 	4.975979e-03 	
256 	0.4239619244 	0.4239619244 	4.975979e-03 	
619 	0.4236198617 	0.4236198617 	4.975979e-03 	
299 	0.4237880557 	0.4237880557 	4.975979e-03 	
915 	0.4240629508 	0.4240629508 	4.975979e-03 	
1113 	0.4243990855 	0.4243990855 	4.975979e-03 	
1154 	0.425541988 	0.425541988 	4.975979e-03 	
1189 	0.4241844966 	0.4241844966 	4.975979e-03 	
494 	0.4251492762 	0.4251492762 	4.975979e-03 	
222 	0.4258090854 	0.4258090854 	4.975979e-03 	
200 	0.4257644763 	0.4257644763 	4.975979e-03 	
1529 	0.4262196941 	0.4262196941 	4.975979e-03 	
1949 	0.4258718254 	0.4258718254 	4.975979e-03 	
868 	0.4263361503 	0.4263361503 	4.975979e-03 	
1100 	0.4261159432 	0.4261159432 	4.975979e-03 	
1267 	0.426015219 	0.426015219 	4.975979e-03 	
1578 	0.4273651844 	0.4273651844 	4.975979e-03 	
240 	0.4275243954 	0.4275243954 	4.975979e-03 	
1648 	0.4276456287 	0.4276456287 	4.975979e-03 	
1139 	0.4277208666 	0.4277208666 	4.975979e-03 	
1767 	0.4280930562 	0.4280930562 	4.975979e-03 	
92 	0.4288856747 	0.4288856747 	4.975979e-03 	
1395 	0.4290879665 	0.4290879665 	4.975979e-03 	
479 	0.4296738933 	0.4296738933 	4.975979e-03 	
1357 	0.4294316038 	0.4294316038 	4.975979e-03 	
848 	0.4308950327 	0.4308950327 	4.975979e-03 	
249 	0.4317478838 	0.4317478838 	4.975979e-03 	
649 	0.4309949492 	0.4309949492 	4.975979e-03 	
596 	0.4324298057 	0.4324298057 	4.975979e-03 	
1694 	0.4327077544 	0.4327077544 	4.975979e-03 	
181 	0.4331879269 	0.4331879269 	4.975979e-03 	
1024 	0.4332511328 	0.4332511328 	4.975979e-03 	
1961 	0.433259736 	0.433259736 	4.975979e-03 	
436 	0.4343012371 	0.4343012371 	4.975979e-03 	
1732 	0.4339835447 	0.4339835447 	4.975979e-03 	
104 	0.4356774589 	0.4356774589 	4.975979e-03 	
407 	0.4357392492 	0.4357392492 	4.975979e-03 	
160 	0.4350331427 	0.4350331427 	4.975979e-03 	
906 	0.4377925385 	0.4377925385 	4.975979e-03 	
1994 	0.4376408544 	0.4376408544 	4.975979e-03 	
573 	0.4310444863 	0.4310444863 	4.975979e-03 	
1709 	0.4374635245 	0.4374635245 	4.975979e-03 	
1659 	0.4367941781 	0.4367941781 	4.975979e-03 	
1044 	0.438111215 	0.438111215 	4.975979e-03 	
237 	0.4364563623 	0.4364563623 	4.975979e-03 	
348 	0.43904607 	0.43904607 	4.975979e-03 	
1571 	0.4392434451 	0.4392434451 	4.975979e-03 	
1169 	0.4391793957 	0.4391793957 	4.975979e-03 	
1102 	0.4386047271 	0.4386047271 	4.975979e-03 	
1197 	0.4408510652 	0.4408510652 	4.975979e-03 	
963 	0.4404742468 	0.4404742468 	4.975979e-03 	
84 	0.440971652 	0.440971652 	4.975979e-03 	
839 	0.441029949 	0.441029949 	4.975979e-03 	
899 	0.4404704678 	0.4404704678 	4.975979e-03 	
1986 	0.4416777156 	0.4416777156 	4.975979e-03 	
1833 	0.4422180826 	0.4422180826 	4.975979e-03 	
1344 	0.4423981375 	0.4423981375 	4.975979e-03 	
976 	0.4413376085 	0.4413376085 	4.975979e-03 	
1636 	0.4433159916 	0.4433159916 	4.975979e-03 	
1167 	0.4424610183 	0.4424610183 	4.975979e-03 	
1781 	0.4442185882 	0.4442185882 	4.975979e-03 	
611 	0.443189573 	0.443189573 	4.975979e-03 	
524 	0.4439111328 	0.4439111328 	4.975979e-03 	
441 	0.4456220914 	0.4456220914 	4.975979e-03 	
738 	0.4452208814 	0.4452208814 	4.975979e-03 	
1122 	0.4439718613 	0.4439718613 	4.975979e-03 	
1454 	0.447388203 	0.447388203 	4.975979e-03 	
1734 	0.4481196397 	0.4481196397 	4.975979e-03 	
1352 	0.4465589271 	0.4465589271 	4.975979e-03 	
734 	0.4482974916 	0.4482974916 	4.975979e-03 	
560 	0.4466871962 	0.4466871962 	4.975979e-03 	
1737 	0.4491499438 	0.4491499438 	4.975979e-03 	
856 	0.4500990819 	0.4500990819 	4.975979e-03 	
59 	0.4502037419 	0.4502037419 	4.975979e-03 	
1816 	0.4502454466 	0.4502454466 	4.975979e-03 	
1426 	0.4503169463 	0.4503169463 	4.975979e-03 	
1495 	0.4505786934 	0.4505786934 	4.975979e-03 	
993 	0.4517067796 	0.4517067796 	4.975979e-03 	
679 	0.4509010752 	0.4509010752 	4.975979e-03 	
1787 	0.45182253 	0.45182253 	4.975979e-03 	
186 	0.4520318241 	0.4520318241 	4.975979e-03 	
1867 	0.452238123 	0.452238123 	4.975979e-03 	
474 	0.450617221 	0.450617221 	4.975979e-03 	
1299 	0.4540467575 	0.4540467575 	4.975979e-03 	
1953 	0.4527106674 	0.4527106674 	4.975979e-03 	
770 	0.453934974 	0.453934974 	4.975979e-03 	
310 	0.4562761046 	0.4562761046 	4.975979e-03 	
593 	0.4546628781 	0.4546628781 	4.975979e-03 	
711 	0.4544066135 	0.4544066135 	4.975979e-03 	
1704 	0.4585502756 	0.4585502756 	4.975979e-03 	
481 	0.4547624601 	0.4547624601 	4.975979e-03 	
394 	0.4586760256 	0.4586760256 	4.975979e-03 	
789 	0.4565756749 	0.4565756749 	4.975979e-03 	
989 	0.4597629103 	0.4597629103 	4.975979e-03 	
1404 	0.4576001674 	0.4576001674 	4.975979e-03 	
101 	0.4602250146 	0.4602250146 	4.975979e-03 	
433 	0.4595848885 	0.4595848885 	4.975979e-03 	
1927 	0.4605652734 	0.4605652734 	4.975979e-03 	
850 	0.4606001467 	0.4606001467 	4.975979e-03 	
389 	0.4608358447 	0.4608358447 	4.975979e-03 	
1828 	0.460977188 	0.460977188 	4.975979e-03 	
1707 	0.4615785358 	0.4615785358 	4.975979e-03 	
1222 	0.4616560832 	0.4616560832 	4.975979e-03 	
513 	0.4618410973 	0.4618410973 	4.975979e-03 	
1180 	0.4626505626 	0.4626505626 	4.975979e-03 	
1698 	0.4639701373 	0.4639701373 	4.975979e-03 	
1686 	0.4643863496 	0.4643863496 	4.975979e-03 	
1679 	0.4640506583 	0.4640506583 	4.975979e-03 	
759 	0.4637835013 	0.4637835013 	4.975979e-03 	
1789 	0.4648762404 	0.4648762404 	4.975979e-03 	
1784 	0.4618259177 	0.4618259177 	4.975979e-03 	
1558 	0.4651989303 	0.4651989303 	4.975979e-03 	
1393 	0.4645924453 	0.4645924453 	4.975979e-03 	
779 	0.4647738557 	0.4647738557 	4.975979e-03 	
4 	0.4661322752 	0.4661322752 	4.975979e-03 	
719 	0.4670485624 	0.4670485624 	4.975979e-03 	
1534 	0.4645636133 	0.4645636133 	4.975979e-03 	
1477 	0.4678873067 	0.4678873067 	4.975979e-03 	
693 	0.4700643218 	0.4700643218 	4.975979e-03 	
134 	0.4711758198 	0.4711758198 	4.975979e-03 	
392 	0.465621774 	0.465621774 	4.975979e-03 	
815 	0.47173438 	0.47173438 	4.975979e-03 	
14 	0.4700914412 	0.4700914412 	4.975979e-03 	
1185 	0.4672918444 	0.4672918444 	4.975979e-03 	
466 	0.4726760544 	0.4726760544 	4.975979e-03 	
1033 	0.4680093292 	0.4680093292 	4.975979e-03 	
358 	0.4740322528 	0.4740322528 	4.975979e-03 	
1813 	0.4734188345 	0.4734188345 	4.975979e-03 	
516 	0.4725375795 	0.4725375795 	4.975979e-03 	
1004 	0.4746850703 	0.4746850703 	4.975979e-03 	
316 	0.4676124587 	0.4676124587 	4.975979e-03 	
1104 	0.4761070288 	0.4761070288 	4.975979e-03 	
53 	0.4668694013 	0.4668694013 	4.975979e-03 	
1612 	0.4679510854 	0.4679510854 	4.975979e-03 	
1277 	0.4738181774 	0.4738181774 	4.975979e-03 	
1064 	0.4771992205 	0.4771992205 	4.975979e-03 	
873 	0.4785732604 	0.4785732604 	4.975979e-03 	
209 	0.4784026814 	0.4784026814 	4.975979e-03 	
1799 	0.4743680047 	0.4743680047 	4.975979e-03 	
1306 	0.4790370232 	0.4790370232 	4.975979e-03 	
169 	0.4783451671 	0.4783451671 	4.975979e-03 	
1138 	0.4781148907 	0.4781148907 	4.975979e-03 	
1228 	0.4791123942 	0.4791123942 	4.975979e-03 	
959 	0.4754937118 	0.4754937118 	4.975979e-03 	
1936 	0.4791515207 	0.4791515207 	4.975979e-03 	
974 	0.4809905511 	0.4809905511 	4.975979e-03 	
950 	0.4810535893 	0.4810535893 	4.975979e-03 	
1147 	0.4803971889 	0.4803971889 	4.975979e-03 	
475 	0.4822036295 	0.4822036295 	4.975979e-03 	
894 	0.4830382828 	0.4830382828 	4.975979e-03 	
982 	0.4831765289 	0.4831765289 	4.975979e-03 	
1754 	0.485703308 	0.485703308 	4.975979e-03 	
269 	0.483980118 	0.483980118 	4.975979e-03 	
1223 	0.4852867651 	0.4852867651 	4.975979e-03 	
1304 	0.4866431916 	0.4866431916 	4.975979e-03 	
618 	0.4868928251 	0.4868928251 	4.975979e-03 	
426 	0.488641069 	0.488641069 	4.975979e-03 	
1524 	0.486817777 	0.486817777 	4.975979e-03 	
1439 	0.4887333988 	0.4887333988 	4.975979e-03 	
259 	0.4891581173 	0.4891581173 	4.975979e-03 	
179 	0.4892770747 	0.4892770747 	4.975979e-03 	
926 	0.4901811029 	0.4901811029 	4.975979e-03 	
1579 	0.4904182722 	0.4904182722 	4.975979e-03 	
563 	0.4908442502 	0.4908442502 	4.975979e-03 	
1469 	0.4896464839 	0.4896464839 	4.975979e-03 	
1987 	0.4908729495 	0.4908729495 	4.975979e-03 	
224 	0.4912805944 	0.4912805944 	4.975979e-03 	
324 	0.4914616225 	0.4914616225 	4.975979e-03 	
1449 	0.492597244 	0.492597244 	4.975979e-03 	
336 	0.4914691882 	0.4914691882 	4.975979e-03 	
883 	0.492816983 	0.492816983 	4.975979e-03 	
1027 	0.4936859124 	0.4936859124 	4.975979e-03 	
1049 	0.4929102677 	0.4929102677 	4.975979e-03 	
1884 	0.4971377171 	0.4971377171 	4.975979e-03 	
933 	0.4971160198 	0.4971160198 	4.975979e-03 	
194 	0.497414831 	0.497414831 	4.975979e-03 	
1661 	0.4975971411 	0.4975971411 	4.975979e-03 	
800 	0.4980560029 	0.4980560029 	4.975979e-03 	
717 	0.4982940603 	0.4982940603 	4.975979e-03 	
1214 	0.5005793913 	0.5005793913 	4.975979e-03 	
518 	0.49867279 	0.49867279 	4.975979e-03 	
1588 	0.5002406438 	0.5002406438 	4.975979e-03 	
79 	0.503567706 	0.503567706 	4.975979e-03 	
1631 	0.5010334881 	0.5010334881 	4.975979e-03 	
644 	0.5032991037 	0.5032991037 	4.975979e-03 	
584 	0.5036428011 	0.5036428011 	4.975979e-03 	
152 	0.5049248802 	0.5049248802 	4.975979e-03 	
455 	0.5055371868 	0.5055371868 	4.975979e-03 	
951 	0.5048935132 	0.5048935132 	4.975979e-03 	
1336 	0.5050123047 	0.5050123047 	4.975979e-03 	
820 	0.5040488546 	0.5040488546 	4.975979e-03 	
1121 	0.5061334043 	0.5061334043 	4.975979e-03 	
1918 	0.5066454208 	0.5066454208 	4.975979e-03 	
1713 	0.5057796934 	0.5057796934 	4.975979e-03 	
1387 	0.5054970383 	0.5054970383 	4.975979e-03 	
1194 	0.5072394195 	0.5072394195 	4.975979e-03 	
1742 	0.5073226286 	0.5073226286 	4.975979e-03 	
119 	0.5076976288 	0.5076976288 	4.975979e-03 	
449 	0.5079198654 	0.5079198654 	4.975979e-03 	
773 	0.5099559747 	0.5099559747 	4.975979e-03 	
239 	0.5106163917 	0.5106163917 	4.975979e-03 	
1359 	0.5142079674 	0.5142079674 	4.975979e-03 	
530 	0.51238818 	0.51238818 	4.975979e-03 	
608 	0.5096500255 	0.5096500255 	4.975979e-03 	
678 	0.5148704545 	0.5148704545 	4.975979e-03 	
1798 	0.5136970432 	0.5136970432 	4.975979e-03 	
1494 	0.5175715602 	0.5175715602 	4.975979e-03 	
1997 	0.5194428566 	0.5194428566 	4.975979e-03 	
1034 	0.5179275338 	0.5179275338 	4.975979e-03 	
863 	0.5233258631 	0.5233258631 	4.975979e-03 	
373 	0.5217342548 	0.5217342548 	4.975979e-03 	
1970 	0.5226509033 	0.5226509033 	4.975979e-03 	
1420 	0.5236739013 	0.5236739013 	4.975979e-03 	
1979 	0.5261389719 	0.5261389719 	4.975979e-03 	
1364 	0.5235848464 	0.5235848464 	4.975979e-03 	
1483 	0.5303178918 	0.5303178918 	4.975979e-03 	
785 	0.5294453234 	0.5294453234 	4.975979e-03 	
539 	0.5242093278 	0.5242093278 	4.975979e-03 	
1237 	0.5293221893 	0.5293221893 	4.975979e-03 	
1279 	0.5309489421 	0.5309489421 	4.975979e-03 	
44 	0.5260730876 	0.5260730876 	4.975979e-03 	
419 	0.5313366182 	0.5313366182 	4.975979e-03 	
429 	0.5322769736 	0.5322769736 	4.975979e-03 	
1689 	0.5325964018 	0.5325964018 	4.975979e-03 	
1378 	0.5348185513 	0.5348185513 	4.975979e-03 	
286 	0.5345235747 	0.5345235747 	4.975979e-03 	
1541 	0.535925685 	0.535925685 	4.975979e-03 	
1901 	0.5367877382 	0.5367877382 	4.975979e-03 	
1559 	0.5410515278 	0.5410515278 	4.975979e-03 	
916 	0.542217104 	0.542217104 	4.975979e-03 	
764 	0.5391755723 	0.5391755723 	4.975979e-03 	
353 	0.5440627212 	0.5440627212 	4.975979e-03 	
496 	0.5431408362 	0.5431408362 	4.975979e-03 	
1959 	0.5460156316 	0.5460156316 	4.975979e-03 	
633 	0.5472779269 	0.5472779269 	4.975979e-03 	
98 	0.5444106914 	0.5444106914 	4.975979e-03 	
229 	0.5509780667 	0.5509780667 	4.975979e-03 	
174 	0.5456964603 	0.5456964603 	4.975979e-03 	
939 	0.5566159054 	0.5566159054 	4.975979e-03 	
714 	0.555427378 	0.555427378 	4.975979e-03 	
203 	0.5565026074 	0.5565026074 	4.975979e-03 	
1664 	0.5457212319 	0.5457212319 	4.975979e-03 	
1538 	0.5542474236 	0.5542474236 	4.975979e-03 	
1432 	0.5605378658 	0.5605378658 	4.975979e-03 	
118 	0.5598100546 	0.5598100546 	4.975979e-03 	
1646 	0.5575947412 	0.5575947412 	4.975979e-03 	
1891 	0.5675685229 	0.5675685229 	4.975979e-03 	
29 	0.5702478411 	0.5702478411 	4.975979e-03 	
1289 	0.5475471628 	0.5475471628 	4.975979e-03 	
936 	0.5706299024 	0.5706299024 	4.975979e-03 	
359 	0.5719976458 	0.5719976458 	4.975979e-03 	
890 	0.5640781537 	0.5640781537 	4.975979e-03 	
1840 	0.5603471038 	0.5603471038 	4.975979e-03 	
1873 	0.5758883618 	0.5758883618 	4.975979e-03 	
1919 	0.5773242948 	0.5773242948 	4.975979e-03 	
1252 	0.5864410633 	0.5864410633 	4.975979e-03 	
969 	0.5609235317 	0.5609235317 	4.975979e-03 	
1850 	0.6068768532 	0.6068768532 	4.975979e-03 	
1016 	0.6010629125 	0.6010629125 	4.975979e-03 	
1583 	0.5873752974 	0.5873752974 	4.975979e-03 	
1747 	0.5805017337 	0.5805017337 	4.975979e-03 	
1793 	0.59472208 	0.59472208 	4.975979e-03 	
1381 	0.5852415691 	0.5852415691 	4.975979e-03 	
1126 	0.6109118162 	0.6109118162 	4.975979e-03 	
1456 	0.6457888322 	0.6457888322 	4.975979e-03 	
412 	0.634896128 	0.634896128 	4.975979e-03 	
155 	0.6666853796 	0.6666853796 	4.975979e-03 	
