0.2884872068,
0.3530812122,
0.173280315,
0.2825107641,
0.4661322752,
0.2169486356,
0.375669409,
0.3379757643,
0.3826278659,
0.251486437,
0.2832951026,
0.1771274491,
0.1886447889,
0.2601621666,
0.4700914412,
0.3678410629,
0.3865161364,
0.2463782741,
0.3276933872,
0.2129933869,
0.3475214956,
0.3284569628,
0.2595399388,
0.2177491943,
0.2985368837,
0.1996041883,
0.3150680781,
0.3475523473,
0.3033623461,
0.5702478411,
0.2215226362,
0.2954145529,
0.2287223723,
0.3470782351,
0.3839154994,
0.3088644472,
0.347559338,
0.3751152722,
0.344836506,
0.2003202177,
0.2514123282,
0.3190915559,
0.2925035725,
0.3475089625,
0.5260730876,
0.2843921056,
0.3188267102,
0.2035480082,
0.3879558258,
0.3129847959,
0.3971401376,
0.175986913,
0.1873397248,
0.4668694013,
0.33626201,
0.4067002967,
0.2445711289,
0.347437485,
0.2870173853,
0.4502037419,
0.2863964753,
0.2633049636,
0.3138718992,
0.3137494369,
0.2377053105,
0.2839091689,
0.3142275372,
0.3800687239,
0.2477725895,
0.3136233098,
0.271281434,
0.3294700161,
0.3527070341,
0.3913520285,
0.3687642768,
0.3039127426,
0.2467349498,
0.390535295,
0.3811486827,
0.503567706,
0.301958204,
0.2822616199,
0.3385301339,
0.307787596,
0.440971652,
0.2985840618,
0.258345393,
0.3090914829,
0.1242929655,
0.4126685694,
0.319577557,
0.3562759721,
0.4288856747,
0.3420249981,
0.1973383914,
0.1902527527,
0.2438403456,
0.2803064253,
0.5444106914,
0.4195883197,
0.3285750012,
0.4602250146,
0.2566144243,
0.1740323498,
0.4356774589,
0.194373101,
0.3610181316,
0.2312277554,
0.3198045291,
0.3832640694,
0.2300159917,
0.3190686128,
0.3067125687,
0.2931957793,
0.1994156596,
0.2270018364,
0.296704292,
0.218854684,
0.5598100546,
0.5076976288,
0.3573187649,
0.3353711804,
0.2638208683,
0.2624011859,
0.1768113809,
0.2713990159,
0.3357328714,
0.3765702547,
0.2310367031,
0.2328875099,
0.3208335672,
0.3209695926,
0.3875180618,
0.3188856763,
0.4711758198,
0.4018082685,
0.2690059741,
0.2306357688,
0.3561670576,
0.3399542814,
0.2365543961,
0.3529397878,
0.1708654222,
0.2471268317,
0.3457558245,
0.3705096453,
0.1860366755,
0.3169453833,
0.2522148614,
0.3949318166,
0.3451567626,
0.2972014974,
0.5049248802,
0.2724310966,
0.2755093699,
0.6666853796,
0.2087856888,
0.2971119428,
0.3057499658,
0.3139684167,
0.4350331427,
0.3689667539,
0.2626281364,
0.2242455128,
0.3495684512,
0.2326643387,
0.3481941349,
0.4003414302,
0.2528510045,
0.4783451671,
0.2267730565,
0.2587818135,
0.3195424189,
0.2548992451,
0.5456964603,
0.3254009529,
0.2058199265,
0.1734503218,
0.412207195,
0.4892770747,
0.336554043,
0.4331879269,
0.1904876139,
0.2340719196,
0.2654311257,
0.2859551298,
0.4520318241,
0.3820259524,
0.3203674886,
0.1989172858,
0.2887878308,
0.1966490288,
0.3048951362,
0.2333265515,
0.497414831,
0.3339010616,
0.296501244,
0.2863978315,
0.2605805354,
0.2980658879,
0.4257644763,
0.2543733256,
0.363962857,
0.5565026074,
0.3753185186,
0.342968173,
0.2198105164,
0.2195760556,
0.3238160754,
0.4784026814,
0.2926509601,
0.2347434421,
0.2637784227,
0.2945008074,
0.2428149876,
0.2485804856,
0.3321128941,
0.4066200076,
0.1624039814,
0.2606876816,
0.4199164586,
0.1785789754,
0.4258090854,
0.3350819373,
0.4912805944,
0.361651052,
0.2319830584,
0.2089758243,
0.2730144358,
0.5509780667,
0.3568353604,
0.2986468907,
0.3756347239,
0.3124991977,
0.1675650332,
0.2582772826,
0.2104575074,
0.4364563623,
0.3093620104,
0.5106163917,
0.4275243954,
0.2780212044,
0.280473823,
0.3753126944,
0.3075664336,
0.3105395696,
0.2995056411,
0.2259831487,
0.2677746697,
0.4317478838,
0.3616043194,
0.2606986313,
0.3185664586,
0.3350506006,
0.369300651,
0.2746993407,
0.4239619244,
0.1948475699,
0.3690459933,
0.4891581173,
0.3044755134,
0.366697609,
0.2052162453,
0.264305284,
0.2186918355,
0.2755813316,
0.245187622,
0.400031106,
0.3742595221,
0.483980118,
0.2739995782,
0.3612228229,
0.3322962404,
0.3162205974,
0.2348181288,
0.2334937198,
0.1166763525,
0.2672744194,
0.3358227897,
0.3833969405,
0.3194261541,
0.3374113997,
0.2278214072,
0.2424450286,
0.2861516313,
0.1706315861,
0.5345235747,
0.2815929258,
0.3402326024,
0.3676524336,
0.2965829139,
0.2909461615,
0.2532834047,
0.1185444443,
0.4045439637,
0.3451746078,
0.3056475703,
0.304796942,
0.3313149437,
0.4237880557,
0.2441703142,
0.3119872658,
0.2777307139,
0.3653676207,
0.1560421303,
0.4061267991,
0.3210037098,
0.3648752565,
0.3941647587,
0.3238604772,
0.4562761046,
0.3725509918,
0.2963228449,
0.2697242994,
0.3304310419,
0.3033050104,
0.4676124587,
0.3248869606,
0.2742243326,
0.1901480061,
0.2639095995,
0.3264356291,
0.2962625926,
0.3591100389,
0.4914616225,
0.2647294935,
0.3068013524,
0.2665592956,
0.2322082302,
0.3266525992,
0.3745338173,
0.3093822437,
0.3655437388,
0.4116205047,
0.1534042152,
0.2778602283,
0.4914691882,
0.3213431089,
0.2652024535,
0.4202273729,
0.2868258583,
0.2691334463,
0.3099194389,
0.2784468207,
0.4116633572,
0.3276118342,
0.4218146129,
0.237432672,
0.43904607,
0.1847886791,
0.3295587057,
0.3958813492,
0.3582189306,
0.5440627212,
0.2726448003,
0.1452644188,
0.2399990828,
0.2703864006,
0.4740322528,
0.5719976458,
0.3106121853,
0.3771323092,
0.2153289657,
0.3036250877,
0.2155221899,
0.2184337093,
0.3741968384,
0.2829681965,
0.304527548,
0.225889688,
0.3175053108,
0.3531923216,
0.2838910297,
0.5217342548,
0.1722934036,
0.2668259775,
0.4010445755,
0.2521419957,
0.3238834114,
0.2839978075,
0.3658138454,
0.3430985417,
0.2790637584,
0.2347763188,
0.393840368,
0.3282836175,
0.240792945,
0.2773024688,
0.2105491899,
0.4608358447,
0.3073267467,
0.342302436,
0.465621774,
0.3285841463,
0.4586760256,
0.1758392187,
0.2789856594,
0.2333378929,
0.3701343416,
0.3609978257,
0.2736307901,
0.1764965342,
0.3605397386,
0.27405915,
0.3385664304,
0.3629434743,
0.4137674479,
0.4357392492,
0.2047232003,
0.2898854546,
0.2857924732,
0.4016911577,
0.634896128,
0.298573551,
0.2890426858,
0.1561756732,
0.1139612011,
0.2498463416,
0.3559260705,
0.5313366182,
0.4087802824,
0.3565223557,
0.2411107513,
0.1714628181,
0.3071713088,
0.2388267573,
0.488641069,
0.3363478721,
0.2759126258,
0.5322769736,
0.2358634007,
0.2223852877,
0.3513711018,
0.4595848885,
0.214282579,
0.2806205564,
0.4343012371,
0.1689010057,
0.4086890488,
0.3459212251,
0.3021744726,
0.4456220914,
0.2790818737,
0.2154615661,
0.2793696336,
0.3011968941,
0.2138046824,
0.3790473195,
0.275592803,
0.5079198654,
0.2455530362,
0.2756407349,
0.3126746744,
0.2412048412,
0.2715460112,
0.5055371868,
0.3831648258,
0.3509985587,
0.241559554,
0.1753253341,
0.3562325926,
0.2284297424,
0.3512572843,
0.3789537209,
0.2589506722,
0.2857414709,
0.4726760544,
0.3774257967,
0.345178623,
0.2554171027,
0.3069275167,
0.2581289508,
0.1888748259,
0.2059486408,
0.450617221,
0.4822036295,
0.3226176363,
0.4026677064,
0.1559304199,
0.4296738933,
0.2586344131,
0.4547624601,
0.3348918801,
0.3304703707,
0.2659329056,
0.3735080101,
0.2340871832,
0.2973774964,
0.2301833485,
0.1807462625,
0.3199525155,
0.3145252512,
0.362701117,
0.2978440296,
0.4251492762,
0.234308328,
0.5431408362,
0.2936908879,
0.2924941776,
0.132207686,
0.1234135904,
0.2913762901,
0.3033665008,
0.3444294533,
0.3315841335,
0.3517759382,
0.4230497207,
0.3023038271,
0.2448828791,
0.3879843083,
0.3526426209,
0.3305135236,
0.337166378,
0.4618410973,
0.2608998145,
0.1788594684,
0.4725375795,
0.2628523706,
0.49867279,
0.2887917039,
0.3141931344,
0.3765355784,
0.2212377664,
0.2830295307,
0.4439111328,
0.2155265151,
0.3801896352,
0.2699149571,
0.2798836618,
0.1510867735,
0.51238818,
0.3494162533,
0.3101274637,
0.2744044565,
0.2194896398,
0.2854711202,
0.1929949601,
0.2842636487,
0.3493778655,
0.5242093278,
0.3499023537,
0.329934641,
0.2565344914,
0.386495159,
0.2230829958,
0.2985842289,
0.2580799816,
0.3468079288,
0.2584427752,
0.2887314855,
0.3184613248,
0.278366856,
0.2629993951,
0.1587739344,
0.415558148,
0.3042413312,
0.3469260208,
0.3771042873,
0.3409626169,
0.2557949952,
0.4466871962,
0.3062483751,
0.2643495073,
0.4908442502,
0.2871823172,
0.2588559768,
0.3176469261,
0.28582037,
0.4118725218,
0.3362171693,
0.1962718638,
0.2112943099,
0.1877277403,
0.4310444863,
0.3348552934,
0.3925762766,
0.3623620582,
0.4117107949,
0.114582177,
0.2934806958,
0.2218583502,
0.31963798,
0.3710731365,
0.3247181997,
0.5036428011,
0.269151055,
0.3037072307,
0.1684948133,
0.2583032493,
0.3233102351,
0.2964095016,
0.3778805054,
0.1676366451,
0.4546628781,
0.3303236885,
0.331467244,
0.4324298057,
0.327906409,
0.4120087686,
0.374759594,
0.2904462992,
0.2697985035,
0.3193621229,
0.321409269,
0.2274134424,
0.3260317313,
0.2642786791,
0.2885422796,
0.5096500255,
0.2167860113,
0.3742482712,
0.443189573,
0.3078563601,
0.377871647,
0.2076318217,
0.2628689949,
0.2295607627,
0.2709202701,
0.4868928251,
0.4236198617,
0.3547515765,
0.2531906365,
0.2715858974,
0.3774644369,
0.3735991828,
0.3469502517,
0.2797950355,
0.2534243405,
0.3896914531,
0.2496692149,
0.3273132202,
0.3749690437,
0.2944960437,
0.5472779269,
0.1687749129,
0.2523615455,
0.3083893758,
0.2289378155,
0.3446641866,
0.2788269043,
0.2933220322,
0.2604068571,
0.4128753755,
0.340918679,
0.5032991037,
0.3569440447,
0.222133327,
0.2881491217,
0.1967044364,
0.4309949492,
0.29952603,
0.3256053395,
0.3866700471,
0.3212388304,
0.2112233199,
0.2620685057,
0.3134688577,
0.3104892439,
0.2978495162,
0.3430079399,
0.220160605,
0.2986455631,
0.3025842129,
0.3632649362,
0.3270910471,
0.3466195382,
0.3855046585,
0.3184164694,
0.2588555932,
0.07593175887,
0.346789224,
0.3315391819,
0.2903166827,
0.275988454,
0.2516572013,
0.25205632,
0.3180437475,
0.2535291546,
0.5148704545,
0.4509010752,
0.3860293541,
0.3468762898,
0.2229722135,
0.2149504221,
0.3241949636,
0.2364909548,
0.3469364534,
0.3588662861,
0.2854461819,
0.3077354856,
0.2545123562,
0.3822962213,
0.3154440657,
0.4700643218,
0.2865164427,
0.2323013185,
0.4009806839,
0.3925021717,
0.3850769739,
0.2208118759,
0.335905402,
0.4159453759,
0.1819242582,
0.2688455608,
0.3637935231,
0.2377994769,
0.3520952922,
0.3241153863,
0.3809283716,
0.3518378594,
0.2454976803,
0.4544066135,
0.3135961904,
0.2456215838,
0.555427378,
0.3222901593,
0.2679379518,
0.4982940603,
0.2468283665,
0.4670485624,
0.3200009313,
0.3897962027,
0.3996875707,
0.2713550339,
0.2126991835,
0.1885886653,
0.4197936617,
0.3569774548,
0.338576832,
0.2241301109,
0.302231878,
0.2110507294,
0.255385634,
0.2802604284,
0.4482974916,
0.3133441628,
0.3659625354,
0.3029693932,
0.4452208814,
0.2669500264,
0.2363673197,
0.230972029,
0.3241498252,
0.3627145873,
0.2259831089,
0.3975138171,
0.2524168216,
0.4188053509,
0.2618284331,
0.2123268881,
0.3391089136,
0.3469067302,
0.2535424107,
0.3956553111,
0.349986977,
0.2922522624,
0.330343736,
0.3496755385,
0.1526105923,
0.4637835013,
0.1841374877,
0.2903980447,
0.2979259802,
0.3677680489,
0.5391755723,
0.2828254294,
0.2908129401,
0.1654538312,
0.1745109139,
0.2525103432,
0.453934974,
0.3981143338,
0.3711774408,
0.5099559747,
0.2767630909,
0.2226320491,
0.2172222501,
0.238723917,
0.3942336554,
0.4647738557,
0.3042958742,
0.3697359563,
0.2048992305,
0.3058349166,
0.2846003736,
0.5294453234,
0.199502176,
0.2487011941,
0.2871500418,
0.4565756749,
0.235266148,
0.2552338349,
0.3585218185,
0.3374564692,
0.2722585989,
0.2392055384,
0.4127475569,
0.2634775721,
0.337068846,
0.3555332512,
0.4980560029,
0.2695915876,
0.31073478,
0.1533486333,
0.2403732411,
0.311172291,
0.2815419061,
0.3301277763,
0.3592846627,
0.3941775267,
0.1324005173,
0.290596396,
0.2479350445,
0.3898639676,
0.4159154309,
0.47173438,
0.2716780045,
0.2439705128,
0.2902360405,
0.303906348,
0.5040488546,
0.3269292393,
0.2711211373,
0.3208976935,
0.2010067159,
0.203478369,
0.3440839996,
0.367672389,
0.396775337,
0.3216648348,
0.4170799582,
0.2022620358,
0.2464290001,
0.08679788653,
0.3892641543,
0.2831899082,
0.354996182,
0.4122480095,
0.3652067627,
0.441029949,
0.2501651454,
0.3158314843,
0.2807616611,
0.3683399318,
0.2816667297,
0.2892468965,
0.3160420493,
0.2081153485,
0.4308950327,
0.3382197698,
0.4606001467,
0.2337028553,
0.1281716253,
0.398414353,
0.314623862,
0.3745261508,
0.4500990819,
0.3033266004,
0.2497862756,
0.2048616537,
0.3001220373,
0.2763318023,
0.3354495367,
0.5233258631,
0.3230594485,
0.3921886165,
0.2340146952,
0.2912166695,
0.4263361503,
0.1970393262,
0.3672759954,
0.3298767354,
0.3407218814,
0.4785732604,
0.2626133361,
0.1531118717,
0.2470010313,
0.2854184422,
0.2653111298,
0.4087223897,
0.1531074268,
0.2677852488,
0.3350074594,
0.492816983,
0.3573340269,
0.3344557313,
0.2565370238,
0.2260352618,
0.2959731226,
0.210478112,
0.5640781537,
0.3644234811,
0.3090547561,
0.3138809652,
0.4830382828,
0.274691315,
0.2702361823,
0.368286923,
0.2199973084,
0.4404704678,
0.2792924466,
0.2453279645,
0.3818769564,
0.296388597,
0.373171044,
0.3065457031,
0.4377925385,
0.2767569139,
0.2125956255,
0.1977869548,
0.3093968471,
0.2751074816,
0.2376454283,
0.3110927149,
0.3237447734,
0.4240629508,
0.542217104,
0.2944168405,
0.2907300052,
0.2149076674,
0.2380516987,
0.3736174225,
0.3369799278,
0.2802298387,
0.3396707128,
0.3629172663,
0.4901811029,
0.2772589329,
0.3256466293,
0.26236658,
0.285454849,
0.3345687396,
0.2684018071,
0.4971160198,
0.2356721493,
0.2764767627,
0.5706299024,
0.2085490417,
0.3341667124,
0.5566159054,
0.3921141828,
0.3545488533,
0.2447900967,
0.2360580715,
0.3361891193,
0.2468386159,
0.3005567698,
0.2114174632,
0.2788731553,
0.2984124969,
0.4810535893,
0.5048935132,
0.325997935,
0.4133179266,
0.168626128,
0.2798670134,
0.1611825007,
0.1180042274,
0.3997542461,
0.4754937118,
0.3647273521,
0.3394443107,
0.2234448568,
0.4404742468,
0.1310014911,
0.2539070676,
0.3594229424,
0.4127260175,
0.2891356625,
0.5609235317,
0.2564717653,
0.2462921869,
0.3009028984,
0.2287039455,
0.4809905511,
0.3056542288,
0.4413376085,
0.1801680426,
0.4171570897,
0.2735554578,
0.3339834591,
0.4040695921,
0.4831765289,
0.2412977347,
0.2696370287,
0.2950323174,
0.2152319864,
0.3667529286,
0.3212389439,
0.4597629103,
0.2921625608,
0.2774484919,
0.2147179041,
0.4517067796,
0.3099941586,
0.3393495807,
0.3729193389,
0.3123232931,
0.2182515933,
0.1134148365,
0.2716504105,
0.2092781566,
0.355837428,
0.3180236061,
0.4746850703,
0.3625451094,
0.2367886876,
0.2385141432,
0.3226763852,
0.340457771,
0.3834127481,
0.3136242739,
0.275642149,
0.1715614677,
0.3656385023,
0.3154617126,
0.6010629125,
0.3110467783,
0.3037091994,
0.3576252462,
0.1856078096,
0.2828464163,
0.2744889425,
0.386418815,
0.4332511328,
0.2695735651,
0.3403500371,
0.4936859124,
0.3375476784,
0.3204625542,
0.2338713886,
0.2023614402,
0.2804860106,
0.4680093292,
0.5179275338,
0.350165309,
0.3125934879,
0.3124904949,
0.2173868787,
0.146346003,
0.3143902348,
0.3782981501,
0.2219885081,
0.2828066897,
0.438111215,
0.2127949981,
0.3828032229,
0.340253788,
0.3685658844,
0.4929102677,
0.2745005354,
0.2016554456,
0.2008719881,
0.2753856577,
0.2589693046,
0.3545898533,
0.4057688708,
0.3316226059,
0.1714271506,
0.1982607125,
0.1774122504,
0.4191432293,
0.3296548562,
0.4072291378,
0.4771992205,
0.3230969304,
0.2697000547,
0.2325297348,
0.2940223409,
0.2629907694,
0.3281574939,
0.3262000515,
0.2537974344,
0.4221740736,
0.4229993303,
0.2885410036,
0.3424821655,
0.3743209882,
0.3297188279,
0.4211635916,
0.232557642,
0.3044292053,
0.2674016689,
0.3534899538,
0.2851673463,
0.2959780424,
0.3240282374,
0.3908076215,
0.284265134,
0.2630068679,
0.3086968471,
0.315713003,
0.1949618973,
0.3183061516,
0.2563008437,
0.3130914725,
0.1617814102,
0.2034750062,
0.3359252067,
0.3450704615,
0.4261159432,
0.3346538659,
0.4386047271,
0.2079332129,
0.4761070288,
0.2509401633,
0.2979148632,
0.4195260571,
0.2525736029,
0.3179052488,
0.2855270815,
0.3382704458,
0.3670517803,
0.4243990855,
0.1479839761,
0.2981618409,
0.2306200402,
0.3417454609,
0.3788281653,
0.342508201,
0.2729492554,
0.5061334043,
0.4439718613,
0.236551415,
0.2979598539,
0.2117445818,
0.6109118162,
0.262689002,
0.3717347149,
0.3465064601,
0.2810527038,
0.2529387611,
0.3957940966,
0.2528229314,
0.3270846076,
0.3072622531,
0.2330485098,
0.2697929835,
0.4781148907,
0.4277208666,
0.3544416666,
0.2362307992,
0.2711433628,
0.1745453068,
0.2332927298,
0.2322320886,
0.3841619504,
0.4803971889,
0.3196141872,
0.3888474744,
0.2286839623,
0.270719085,
0.3367378163,
0.3592127336,
0.425541988,
0.3276386603,
0.2730353425,
0.1804007398,
0.3576536112,
0.3113300598,
0.3005772507,
0.3084918829,
0.2976803699,
0.3424278873,
0.2214739457,
0.2981433234,
0.2988232538,
0.4424610183,
0.1972701531,
0.4391793957,
0.2999641527,
0.3261233421,
0.3849643045,
0.3212219793,
0.2254320433,
0.07632966997,
0.2818346718,
0.2465518925,
0.3841961331,
0.327854997,
0.4626505626,
0.3320080647,
0.1988396096,
0.2633796004,
0.4129828663,
0.4672918444,
0.3912663449,
0.2477308127,
0.3408912968,
0.4241844966,
0.1929879944,
0.2470594703,
0.2807571898,
0.3010609601,
0.5072394195,
0.3776189147,
0.2982800543,
0.4408510652,
0.2785024795,
0.4064128867,
0.3876738552,
0.3515492129,
0.2393734399,
0.213645778,
0.3707972957,
0.2455730904,
0.351347359,
0.3944322819,
0.2832954765,
0.246523138,
0.244027599,
0.2426923513,
0.3126427005,
0.2463686225,
0.5005793913,
0.3447028288,
0.347689578,
0.2473952727,
0.3081597847,
0.2214379358,
0.2632858019,
0.2867120815,
0.4616560832,
0.4852867651,
0.3133560666,
0.3878402169,
0.09244698058,
0.2667669779,
0.4791123942,
0.1872799566,
0.4218355211,
0.3199780145,
0.3192372838,
0.2513896411,
0.2889801754,
0.3284196193,
0.2851086796,
0.5293221893,
0.2544616402,
0.290586589,
0.3476130647,
0.2297206341,
0.3477103798,
0.2986170464,
0.3750979076,
0.3477127753,
0.2393020218,
0.3744900825,
0.2104659998,
0.3013966867,
0.3141540695,
0.3853221918,
0.5864410633,
0.3068862066,
0.3019797418,
0.2439362433,
0.2499217752,
0.3910620949,
0.3512231924,
0.2910689263,
0.3309777099,
0.3506785812,
0.1231319821,
0.2935928512,
0.2581220749,
0.3924702936,
0.2510913213,
0.426015219,
0.2632667274,
0.206115177,
0.3418842142,
0.2730370345,
0.3561085229,
0.2912479266,
0.414702231,
0.2565162299,
0.2210582838,
0.4738181774,
0.3138554645,
0.5309489421,
0.3536285778,
0.3328877184,
0.2619873838,
0.2336249459,
0.3891477663,
0.2450328751,
0.3320848329,
0.3849959997,
0.2945759871,
0.5475471628,
0.2117256731,
0.2561485336,
0.2930943593,
0.1756517738,
0.2929369851,
0.3285702181,
0.1593571409,
0.2318020404,
0.3885823352,
0.4540467575,
0.2989785913,
0.3645273076,
0.1948253745,
0.2543304723,
0.4866431916,
0.2603017701,
0.4790370232,
0.4017525905,
0.3778916046,
0.2657035045,
0.2833164754,
0.2363652049,
0.2037924173,
0.1822765946,
0.34450353,
0.3756844847,
0.4006483635,
0.3213564316,
0.4104515437,
0.3600799255,
0.284556425,
0.2573503351,
0.3130912242,
0.3152577856,
0.2529694385,
0.3435874436,
0.2826698054,
0.2679917933,
0.349901337,
0.3812611919,
0.3729827014,
0.2805430143,
0.2263407502,
0.3533999001,
0.3964335654,
0.3325805982,
0.5050123047,
0.2739574446,
0.3113853963,
0.1739591189,
0.2394476088,
0.3115959862,
0.2837806353,
0.3340265244,
0.4423981375,
0.2986679494,
0.2504359165,
0.1743379562,
0.2988795049,
0.2763359942,
0.3335367119,
0.2979286146,
0.4465589271,
0.348746085,
0.2159861797,
0.2455792857,
0.1592197992,
0.4294316038,
0.3264132179,
0.5142079674,
0.2354585146,
0.3048815142,
0.2573123834,
0.3552129975,
0.5235848464,
0.2732867248,
0.3054374303,
0.2582838545,
0.2469838968,
0.09707256805,
0.3850794582,
0.2864068323,
0.3539838845,
0.3998960195,
0.3666899436,
0.2277214856,
0.2900445317,
0.2057743131,
0.5348185513,
0.3589497183,
0.2983671951,
0.5852415691,
0.1634425626,
0.2736151472,
0.1750078508,
0.2735183168,
0.3390613389,
0.5054970383,
0.3633391572,
0.3386966505,
0.2642276314,
0.275692321,
0.3284818737,
0.4645924453,
0.2554893561,
0.4290879665,
0.2349370721,
0.2791216148,
0.2420180571,
0.33412128,
0.3283804431,
0.3943123563,
0.2422250458,
0.2979410136,
0.4576001674,
0.2106346626,
0.3708249341,
0.3296261864,
0.2531218851,
0.4039107877,
0.342870721,
0.2893706983,
0.3438412373,
0.3668143397,
0.1913896151,
0.206396867,
0.2275539106,
0.3053232181,
0.3160061767,
0.4024854204,
0.5236739013,
0.2849900327,
0.2845184387,
0.1476744945,
0.3781607433,
0.3114199632,
0.4503169463,
0.2815905328,
0.219781812,
0.2171813581,
0.3138265186,
0.3488197857,
0.5605378658,
0.359940504,
0.2218557981,
0.4057697878,
0.2712539774,
0.241473085,
0.3730963042,
0.4887333988,
0.3258682082,
0.4067075804,
0.1640930822,
0.2792171939,
0.1838699765,
0.412158334,
0.3964612407,
0.3437080825,
0.3193532373,
0.492597244,
0.28876267,
0.186234626,
0.2668366847,
0.2852973985,
0.447388203,
0.3590582616,
0.6457888322,
0.2303882092,
0.3436527785,
0.3100858039,
0.4056216179,
0.3636911389,
0.2593226085,
0.1880343365,
0.3248246125,
0.2617339194,
0.2605465789,
0.3336236667,
0.2634753381,
0.4896464839,
0.2351295518,
0.271513838,
0.2688226703,
0.2958954033,
0.2344123706,
0.3668098226,
0.3243495916,
0.4678873067,
0.2935178093,
0.2441730174,
0.4059707128,
0.1543233659,
0.4037415055,
0.5303178918,
0.3234426889,
0.3932176702,
0.4107464087,
0.2922272519,
0.3044463729,
0.3054115575,
0.2688581456,
0.2681004008,
0.3115439736,
0.243392442,
0.5175715602,
0.4505786934,
0.3666737072,
0.3397773715,
0.2207085427,
0.1416477232,
0.1193130461,
0.252921308,
0.3601051244,
0.4068529354,
0.3460655501,
0.3217328451,
0.3089996818,
0.3812104505,
0.1852340725,
0.2884313316,
0.2930407159,
0.3344073972,
0.3181531343,
0.3346845823,
0.3707368288,
0.3091667071,
0.2693809556,
0.1290305752,
0.3599236687,
0.2315200605,
0.2778284978,
0.2276619055,
0.3668750225,
0.324404736,
0.486817777,
0.3860601625,
0.246058815,
0.2938258075,
0.1980850364,
0.4262196941,
0.3026848988,
0.3305141463,
0.3690813958,
0.3064386409,
0.4645636133,
0.208400424,
0.2893927162,
0.1797259952,
0.5542474236,
0.3381203161,
0.2807044957,
0.535925685,
0.2075014125,
0.2720624566,
0.3931885009,
0.2519839398,
0.3288383882,
0.2713698591,
0.3486010448,
0.3294473745,
0.2624138527,
0.2560699246,
0.3936511498,
0.2064043704,
0.2839472291,
0.1784945801,
0.2094600958,
0.2606755122,
0.4651989303,
0.5410515278,
0.3019502802,
0.3649207846,
0.2011136107,
0.2946525756,
0.2283641865,
0.2350060776,
0.3876735337,
0.3189449949,
0.2203549654,
0.3408215918,
0.2825600308,
0.4392434451,
0.2816217034,
0.2582113967,
0.3056761358,
0.2759178415,
0.3927879754,
0.3214225805,
0.4273651844,
0.4904182722,
0.1950401819,
0.2130460804,
0.3431845386,
0.5873752974,
0.2481689944,
0.315090203,
0.2832357291,
0.3419477449,
0.5002406438,
0.2684736974,
0.3142997107,
0.2781955197,
0.238895023,
0.3675182734,
0.397630958,
0.3167572204,
0.3533991686,
0.3841749671,
0.09257989312,
0.2809158552,
0.4010146177,
0.400443491,
0.3134909453,
0.3468616198,
0.4175197338,
0.3361802569,
0.1644867515,
0.1438771092,
0.3079648662,
0.2860041748,
0.3469794858,
0.3151721886,
0.4679510854,
0.3154471383,
0.2617056628,
0.2348534084,
0.3472066931,
0.3878165291,
0.3463510585,
0.298872909,
0.2365344366,
0.3395166444,
0.3764339447,
0.3314089254,
0.2739273626,
0.2903182158,
0.3187904034,
0.3929486856,
0.2539017663,
0.3183006298,
0.2802032542,
0.5010334881,
0.3436535717,
0.3249691414,
0.2426138932,
0.2498426304,
0.4433159916,
0.2563134241,
0.3257875535,
0.3705679672,
0.3080428911,
0.3074861308,
0.1820770678,
0.2301215297,
0.296393091,
0.2152884283,
0.5575947412,
0.3292847568,
0.4276456287,
0.192468036,
0.3609667723,
0.2146492348,
0.3190705375,
0.3837623818,
0.2290648944,
0.2808326139,
0.2561922676,
0.2910731203,
0.2803577925,
0.4367941781,
0.3519862489,
0.4975971411,
0.2689313819,
0.1917405024,
0.5457212319,
0.2931413178,
0.2858268364,
0.06384186281,
0.2241851772,
0.3067312141,
0.3203738591,
0.3755827418,
0.3454346381,
0.3709910176,
0.1716446599,
0.3164474877,
0.2484826249,
0.3877481495,
0.3446522528,
0.4640506583,
0.2692830029,
0.2236876397,
0.3540603452,
0.3398270393,
0.2525324082,
0.3520068311,
0.4643863496,
0.2853231125,
0.2142805651,
0.5325964018,
0.3097312808,
0.2992217811,
0.3754259668,
0.306438785,
0.4327077544,
0.2160555013,
0.2710117713,
0.2914049657,
0.4639701373,
0.3874925292,
0.3272378089,
0.229480948,
0.2938283266,
0.2392484123,
0.4585502756,
0.1713906599,
0.4097206817,
0.4615785358,
0.3290213281,
0.4374635245,
0.1755249717,
0.3021397883,
0.270264297,
0.5057796934,
0.2316607899,
0.268811191,
0.3242073261,
0.2595841357,
0.2935561952,
0.2101651605,
0.4151502536,
0.3633667789,
0.2556314783,
0.214623515,
0.325557001,
0.2232459106,
0.3427246281,
0.3088765841,
0.3384816049,
0.4167781775,
0.1837792202,
0.2678058832,
0.4339835447,
0.19243176,
0.4481196397,
0.3547513589,
0.3097212721,
0.4491499438,
0.286076578,
0.2270520717,
0.262552843,
0.2893747662,
0.5073226286,
0.3579261301,
0.1644080482,
0.2653433991,
0.3695174426,
0.5805017337,
0.381521011,
0.3491339914,
0.2373336173,
0.1466814459,
0.3007739133,
0.2271735696,
0.485703308,
0.3299995988,
0.2909570812,
0.2637169029,
0.2555502428,
0.3242010179,
0.284087417,
0.1933264334,
0.3754945734,
0.2849379343,
0.3296535917,
0.3494918669,
0.4033053653,
0.4280930562,
0.1409302699,
0.2794986479,
0.277318154,
0.3784446863,
0.2809112914,
0.309934598,
0.3007139618,
0.1943856054,
0.3760954707,
0.3139371743,
0.2076343102,
0.2583182799,
0.2153529739,
0.4442185882,
0.3112657907,
0.3497689199,
0.4618259177,
0.3364837791,
0.2187651935,
0.45182253,
0.2624782463,
0.4648762404,
0.3410956401,
0.3439995606,
0.3098973538,
0.59472208,
0.2264504503,
0.224953859,
0.281815324,
0.1815353313,
0.5136970432,
0.4743680047,
0.3393258958,
0.3217841128,
0.244945755,
0.2422435535,
0.169469776,
0.2746688221,
0.3412451132,
0.3331678214,
0.2028619436,
0.2705831596,
0.2020043111,
0.3933138661,
0.3587833406,
0.4734188345,
0.26873595,
0.2174771091,
0.4502454466,
0.213274569,
0.3743039393,
0.2455068094,
0.3114223547,
0.3718597905,
0.2146732035,
0.1878005807,
0.2965164424,
0.2721017251,
0.3302965799,
0.3029989265,
0.460977188,
0.3236056294,
0.2755757947,
0.3220860446,
0.1847754233,
0.4422180826,
0.3342628516,
0.3868894245,
0.4070999063,
0.3355231839,
0.2052257287,
0.1665337106,
0.5603471038,
0.290529863,
0.3222311029,
0.3895484073,
0.2312984705,
0.3024134418,
0.2569091366,
0.3121828153,
0.3409707766,
0.3674636756,
0.6068768532,
0.2911504793,
0.2555271991,
0.1362592187,
0.40139972,
0.2871095686,
0.4145863358,
0.3262963216,
0.4147617683,
0.2404368804,
0.1299218791,
0.159389895,
0.3285638357,
0.3849377663,
0.2467137757,
0.3365635134,
0.2754045781,
0.452238123,
0.2986709774,
0.2792939956,
0.3330537094,
0.3320230526,
0.2086661513,
0.5758883618,
0.3587308725,
0.2935950116,
0.3548806036,
0.3931291409,
0.3921880766,
0.1960800208,
0.2627968522,
0.3259388508,
0.297562308,
0.3575118051,
0.4971377171,
0.2685237848,
0.3063897026,
0.231167204,
0.3695861998,
0.2356505339,
0.317923323,
0.5675685229,
0.3598486263,
0.3375806795,
0.2686275141,
0.2331866142,
0.3088798136,
0.2330350888,
0.3450676755,
0.3578189819,
0.2920313449,
0.5367877382,
0.1875620583,
0.4124063261,
0.3044273421,
0.3702631358,
0.2049053046,
0.2978357896,
0.1945374354,
0.208371545,
0.3681096614,
0.3330938257,
0.3638335921,
0.2676942232,
0.2776170015,
0.1414096197,
0.2401145459,
0.2770122658,
0.5066454208,
0.5773242948,
0.2039407995,
0.2942614793,
0.3008871589,
0.4009627217,
0.3122629713,
0.3077721141,
0.2925758949,
0.4605652734,
0.2666289264,
0.1548732639,
0.3537910858,
0.2653133889,
0.3329922675,
0.3548850773,
0.3988658605,
0.2942461299,
0.4791515207,
0.3379484599,
0.107656394,
0.1960862292,
0.2838102737,
0.2416415589,
0.3794047762,
0.3082601283,
0.3893554568,
0.3216499379,
0.1499419677,
0.2719732276,
0.1954515041,
0.4258718254,
0.2993855144,
0.3690452885,
0.3050481948,
0.4527106674,
0.2793532938,
0.2140208754,
0.2774428056,
0.3011058119,
0.2374621463,
0.5460156316,
0.3393010795,
0.433259736,
0.1946801432,
0.2675092223,
0.4002978809,
0.1329588593,
0.3935953021,
0.2944883786,
0.3167531417,
0.2513851151,
0.5226509033,
0.3454675547,
0.290423692,
0.284480245,
0.2477424906,
0.2909952274,
0.09884301963,
0.2477927037,
0.3553949718,
0.5261389719,
0.4157286762,
0.3560122779,
0.2367814015,
0.2361065025,
0.2083237061,
0.2058787439,
0.4416777156,
0.4908729495,
0.3240141498,
0.4008151214,
0.1523503116,
0.2186559515,
0.247738652,
0.2740713389,
0.4376408544,
0.3678666777,
0.3301542214,
0.5194428566,
0.2966455789,
0.1910629411,
0.34775,
