5.680577837e-09 	78725.86567 	460.731 	3.12304 	612.736 	2.69501
5.691973832e-09 	78725.86567 	460.347 	3.11933 	611.394 	2.69556
5.695007496e-09 	78725.86567 	460.245 	3.11834 	611.038 	2.6957
5.695916877e-09 	78725.86567 	460.214 	3.11805 	610.931 	2.69574
5.705418593e-09 	78725.86567 	459.894 	3.11496 	609.817 	2.69615
5.705888127e-09 	78725.86567 	459.878 	3.11481 	609.762 	2.69617
5.709775355e-09 	78725.86567 	459.747 	3.11354 	609.307 	2.69633
5.136804163e-09 	78725.86567 	479.118 	3.30853 	683.01 	2.61332
5.711428203e-09 	78725.86567 	459.692 	3.11301 	609.114 	2.6964
5.736160122e-09 	78725.86567 	458.858 	3.10501 	606.235 	2.69732
5.734678475e-09 	78725.86567 	458.908 	3.10548 	606.407 	2.69727
5.743287685e-09 	78725.86567 	458.618 	3.1027 	605.409 	2.69755
5.747876643e-09 	78725.86567 	458.463 	3.10123 	604.879 	2.6977
5.756394757e-09 	78725.86567 	458.176 	3.09848 	603.895 	2.69795
5.764146533e-09 	78725.86567 	457.915 	3.09599 	603.003 	2.69816
5.764590256e-09 	78725.86567 	457.9 	3.09585 	602.952 	2.69817
5.772050597e-09 	78725.86567 	457.649 	3.09345 	602.095 	2.69836
5.78221439e-09 	78725.86567 	457.307 	3.09019 	600.931 	2.69859
5.812161304e-09 	78725.86567 	456.299 	3.08062 	597.52 	2.69912
5.80564978e-09 	78725.86567 	456.518 	3.0827 	598.259 	2.69902
5.821857463e-09 	78725.86567 	455.972 	3.07754 	596.422 	2.69924
5.822322879e-09 	78725.86567 	455.957 	3.07739 	596.37 	2.69925
5.835995592e-09 	78725.86567 	455.497 	3.07304 	594.827 	2.69938
5.839810712e-09 	78725.86567 	455.368 	3.07183 	594.398 	2.69941
5.853021721e-09 	78725.86567 	454.924 	3.06765 	592.915 	2.69949
5.862643951e-09 	78725.86567 	454.6 	3.06461 	591.839 	2.69951
5.868969569e-09 	78725.86567 	454.387 	3.06261 	591.133 	2.69952
5.872225977e-09 	78725.86567 	454.278 	3.06158 	590.77 	2.69952
5.879811022e-09 	78725.86567 	454.023 	3.05919 	589.925 	2.69951
5.88748709e-09 	78725.86567 	453.765 	3.05678 	589.073 	2.69949
5.897535322e-09 	78725.86567 	453.427 	3.05362 	587.96 	2.69944
5.90838942e-09 	78725.86567 	453.062 	3.05021 	586.762 	2.69936
5.914881721e-09 	78725.86567 	452.844 	3.04818 	586.046 	2.6993
5.930430997e-09 	78725.86567 	452.321 	3.04332 	584.339 	2.69912
5.932331977e-09 	78725.86567 	452.257 	3.04273 	584.131 	2.69909
5.93475459e-09 	78725.86567 	452.176 	3.04197 	583.866 	2.69906
5.944045122e-09 	78725.86567 	451.864 	3.03908 	582.85 	2.69892
5.947693996e-09 	78725.86567 	451.741 	3.03794 	582.452 	2.69886
5.950861496e-09 	78725.86567 	451.635 	3.03695 	582.107 	2.6988
5.9587435e-09 	78725.86567 	451.37 	3.03451 	581.25 	2.69866
5.96428738e-09 	78725.86567 	451.184 	3.03278 	580.648 	2.69855
5.969017637e-09 	78725.86567 	451.025 	3.03132 	580.135 	2.69845
5.970833799e-09 	78725.86567 	450.964 	3.03075 	579.938 	2.69841
5.971584058e-09 	78725.86567 	450.939 	3.03052 	579.857 	2.69839
5.980258556e-09 	78725.86567 	450.648 	3.02784 	578.918 	2.6982
5.981209273e-09 	78725.86567 	450.616 	3.02754 	578.816 	2.69817
5.995613123e-09 	78725.86567 	450.132 	3.02309 	577.263 	2.69781
5.99573677e-09 	78725.86567 	450.128 	3.02305 	577.25 	2.69781
6.020718368e-09 	78725.86567 	449.29 	3.01536 	574.572 	2.69708
6.048024203e-09 	78725.86567 	448.374 	3.00699 	571.667 	2.69615
6.053237557e-09 	78725.86567 	448.199 	3.0054 	571.115 	2.69596
6.063223504e-09 	78725.86567 	447.864 	3.00235 	570.059 	2.69558
6.067042276e-09 	78725.86567 	447.736 	3.00119 	569.657 	2.69543
6.107284277e-09 	78725.86567 	446.387 	2.98898 	565.437 	2.69368
6.150428329e-09 	78725.86567 	444.942 	2.97598 	560.965 	2.6915
6.16960951e-09 	78725.86567 	444.3 	2.97023 	558.994 	2.69043
6.18565355e-09 	78725.86567 	443.763 	2.96544 	557.354 	2.68949
6.188164792e-09 	78725.86567 	443.679 	2.96469 	557.097 	2.68934
6.216088124e-09 	78725.86567 	442.745 	2.95639 	554.261 	2.68761
6.256139227e-09 	78725.86567 	441.406 	2.94455 	550.23 	2.68493
6.272152409e-09 	78725.86567 	440.871 	2.93984 	548.631 	2.68379
6.277121577e-09 	78725.86567 	440.705 	2.93838 	548.136 	2.68343
6.279499072e-09 	78725.86567 	440.625 	2.93768 	547.899 	2.68326
6.28376344e-09 	78725.86567 	440.483 	2.93643 	547.476 	2.68295
6.664386728e-09 	78725.86567 	427.813 	2.82868 	511.596 	2.6466
6.676727011e-09 	78725.86567 	427.404 	2.82531 	510.496 	2.64519
6.76447712e-09 	78725.86567 	424.497 	2.80156 	502.791 	2.63478
6.931232549e-09 	78725.86567 	418.989 	2.75747 	488.7 	2.61351
5.138357413e-09 	78725.86567 	479.065 	3.30798 	682.789 	2.61375
5.138780352e-09 	78725.86567 	479.051 	3.30783 	682.729 	2.61387
5.143201557e-09 	78725.86567 	478.901 	3.30625 	682.102 	2.61507
5.14592539e-09 	78725.86567 	478.809 	3.30529 	681.716 	2.6158
5.149911647e-09 	78725.86567 	478.674 	3.30387 	681.152 	2.61687
5.153954963e-09 	78725.86567 	478.537 	3.30243 	680.58 	2.61795
5.162083357e-09 	78725.86567 	478.261 	3.29955 	679.434 	2.62009
5.162505883e-09 	78725.86567 	478.247 	3.2994 	679.375 	2.6202
5.16745757e-09 	78725.86567 	478.079 	3.29764 	678.679 	2.62148
5.168961279e-09 	78725.86567 	478.028 	3.29711 	678.467 	2.62187
5.171028417e-09 	78725.86567 	477.958 	3.29638 	678.177 	2.6224
5.178199037e-09 	78725.86567 	477.715 	3.29384 	677.173 	2.62422
5.178390231e-09 	78725.86567 	477.709 	3.29377 	677.146 	2.62427
5.183356348e-09 	78725.86567 	477.541 	3.29202 	676.452 	2.62551
5.185922139e-09 	78725.86567 	477.454 	3.29111 	676.094 	2.62615
5.193207861e-09 	78725.86567 	477.207 	3.28854 	675.079 	2.62794
5.208996053e-09 	78725.86567 	476.672 	3.28297 	672.888 	2.63173
5.216340194e-09 	78725.86567 	476.423 	3.28039 	671.874 	2.63345
5.227751065e-09 	78725.86567 	476.037 	3.27638 	670.303 	2.63607
5.230165344e-09 	78725.86567 	475.955 	3.27553 	669.972 	2.63661
5.2309571e-09 	78725.86567 	475.928 	3.27525 	669.863 	2.63679
5.231126008e-09 	78725.86567 	475.922 	3.27519 	669.84 	2.63683
5.236106957e-09 	78725.86567 	475.754 	3.27344 	669.157 	2.63794
5.244109575e-09 	78725.86567 	475.483 	3.27064 	668.063 	2.63971
5.245693136e-09 	78725.86567 	475.429 	3.27009 	667.847 	2.64005
5.246224325e-09 	78725.86567 	475.411 	3.2699 	667.774 	2.64017
5.257079252e-09 	78725.86567 	475.044 	3.2661 	666.296 	2.6425
5.260440877e-09 	78725.86567 	474.93 	3.26493 	665.84 	2.64321
5.261780162e-09 	78725.86567 	474.884 	3.26446 	665.658 	2.64349
5.265643283e-09 	78725.86567 	474.754 	3.26311 	665.134 	2.6443
5.278080246e-09 	78725.86567 	474.333 	3.25877 	663.453 	2.64685
5.279299941e-09 	78725.86567 	474.291 	3.25835 	663.288 	2.64709
5.291601808e-09 	78725.86567 	473.875 	3.25407 	661.634 	2.64953
3.34012414e-09 	78725.86567 	539.628 	3.99131 	1085.3500000000001 	0.991548
5.291785604e-09 	78725.86567 	473.869 	3.25401 	661.609 	2.64957
5.292318109e-09 	78725.86567 	473.85 	3.25382 	661.537 	2.64967
5.294854075e-09 	78725.86567 	473.765 	3.25294 	661.197 	2.65017
5.303121603e-09 	78725.86567 	473.485 	3.25007 	660.091 	2.65176
5.303431256e-09 	78725.86567 	473.474 	3.24996 	660.049 	2.65182
5.304497359e-09 	78725.86567 	473.438 	3.24959 	659.907 	2.65202
5.30953901e-09 	78725.86567 	473.268 	3.24784 	659.234 	2.65297
5.312948292e-09 	78725.86567 	473.152 	3.24666 	658.779 	2.6536
5.320248955e-09 	78725.86567 	472.905 	3.24413 	657.808 	2.65495
5.323273735e-09 	78725.86567 	472.803 	3.24309 	657.407 	2.6555
5.323902402e-09 	78725.86567 	472.781 	3.24287 	657.323 	2.65561
5.329563873e-09 	78725.86567 	472.59 	3.24091 	656.573 	2.65663
5.330184897e-09 	78725.86567 	472.569 	3.2407 	656.49 	2.65674
5.333892105e-09 	78725.86567 	472.443 	3.23942 	656 	2.65739
5.342887825e-09 	78725.86567 	472.139 	3.23631 	654.812 	2.65896
5.350944482e-09 	78725.86567 	471.866 	3.23354 	653.752 	2.66034
5.352230689e-09 	78725.86567 	471.823 	3.23309 	653.583 	2.66055
5.354549791e-09 	78725.86567 	471.744 	3.2323 	653.279 	2.66094
5.356671055e-09 	78725.86567 	471.673 	3.23157 	653 	2.6613
5.358914724e-09 	78725.86567 	471.597 	3.23079 	652.706 	2.66167
5.361773797e-09 	78725.86567 	471.5 	3.22981 	652.331 	2.66214
5.369380927e-09 	78725.86567 	471.243 	3.2272 	651.337 	2.66337
5.374080547e-09 	78725.86567 	471.084 	3.22558 	650.724 	2.66413
5.374431514e-09 	78725.86567 	471.072 	3.22546 	650.678 	2.66418
5.389312123e-09 	78725.86567 	470.568 	3.22036 	648.743 	2.66649
5.391601642e-09 	78725.86567 	470.491 	3.21958 	648.446 	2.66684
5.392302915e-09 	78725.86567 	470.467 	3.21934 	648.355 	2.66695
5.402145619e-09 	78725.86567 	470.134 	3.21598 	647.082 	2.66842
5.405023927e-09 	78725.86567 	470.037 	3.21499 	646.711 	2.66884
5.40649486e-09 	78725.86567 	469.987 	3.21449 	646.521 	2.66905
5.407474209e-09 	78725.86567 	469.954 	3.21416 	646.395 	2.66919
5.408111943e-09 	78725.86567 	469.933 	3.21394 	646.313 	2.66929
5.408251889e-09 	78725.86567 	469.928 	3.21389 	646.295 	2.66931
5.413348399e-09 	78725.86567 	469.755 	3.21215 	645.639 	2.67004
5.415561184e-09 	78725.86567 	469.681 	3.2114 	645.354 	2.67035
5.419835145e-09 	78725.86567 	469.536 	3.20994 	644.805 	2.67095
5.426975141e-09 	78725.86567 	469.295 	3.20751 	643.89 	2.67194
5.430900632e-09 	78725.86567 	469.162 	3.20618 	643.388 	2.67247
5.443111964e-09 	78725.86567 	468.749 	3.20203 	641.829 	2.6741
5.444623715e-09 	78725.86567 	468.698 	3.20152 	641.637 	2.6743
5.447856534e-09 	78725.86567 	468.589 	3.20042 	641.226 	2.67471
5.448062115e-09 	78725.86567 	468.582 	3.20035 	641.2 	2.67474
5.449160949e-09 	78725.86567 	468.545 	3.19998 	641.06 	2.67488
5.463290146e-09 	78725.86567 	468.067 	3.1952 	639.269 	2.67665
5.46689293e-09 	78725.86567 	467.945 	3.19398 	638.813 	2.67709
5.481706122e-09 	78725.86567 	467.445 	3.18898 	636.947 	2.67885
5.50685975e-09 	78725.86567 	466.595 	3.18052 	633.798 	2.68164
5.491961377e-09 	78725.86567 	467.098 	3.18553 	635.66 	2.68002
5.5073564e-09 	78725.86567 	466.578 	3.18035 	633.736 	2.6817
5.509906113e-09 	78725.86567 	466.492 	3.1795 	633.419 	2.68197
5.514433942e-09 	78725.86567 	466.339 	3.17798 	632.855 	2.68244
5.531407849e-09 	78725.86567 	465.765 	3.17229 	630.75 	2.68415
5.53037132e-09 	78725.86567 	465.801 	3.17264 	630.878 	2.68405
5.534185583e-09 	78725.86567 	465.672 	3.17136 	630.407 	2.68442
5.54850548e-09 	78725.86567 	465.188 	3.16658 	628.642 	2.68577
5.533879498e-09 	78725.86567 	465.682 	3.17147 	630.445 	2.68439
5.548908438e-09 	78725.86567 	465.174 	3.16645 	628.592 	2.6858
5.551779963e-09 	78725.86567 	465.077 	3.16549 	628.239 	2.68606
5.553459429e-09 	78725.86567 	465.021 	3.16493 	628.033 	2.68621
5.567758507e-09 	78725.86567 	464.538 	3.16018 	626.281 	2.68747
5.570876358e-09 	78725.86567 	464.433 	3.15914 	625.901 	2.68773
5.560161687e-09 	78725.86567 	464.794 	3.1627 	627.211 	2.68681
5.571633605e-09 	78725.86567 	464.407 	3.15889 	625.808 	2.68779
5.572469998e-09 	78725.86567 	464.379 	3.15861 	625.706 	2.68786
5.604846272e-09 	78725.86567 	463.286 	3.14789 	621.775 	2.69039
5.605017257e-09 	78725.86567 	463.28 	3.14783 	621.755 	2.69041
5.607575485e-09 	78725.86567 	463.194 	3.14699 	621.446 	2.69059
5.609886203e-09 	78725.86567 	463.116 	3.14623 	621.167 	2.69076
5.627749514e-09 	78725.86567 	462.513 	3.14034 	619.019 	2.69198
5.613129249e-09 	78725.86567 	463.007 	3.14516 	620.776 	2.69099
5.635533824e-09 	78725.86567 	462.251 	3.13778 	618.087 	2.69248
5.647741555e-09 	78725.86567 	461.839 	3.13378 	616.629 	2.69323
5.648081296e-09 	78725.86567 	461.827 	3.13366 	616.589 	2.69325
5.649420922e-09 	78725.86567 	461.782 	3.13322 	616.429 	2.69332
5.664270715e-09 	78725.86567 	461.281 	3.12836 	614.665 	2.69417
5.658905941e-09 	78725.86567 	461.462 	3.13012 	615.301 	2.69387
5.66450797e-09 	78725.86567 	461.273 	3.12829 	614.637 	2.69418
5.666787905e-09 	78725.86567 	461.196 	3.12754 	614.366 	2.6943
5.668284674e-09 	78725.86567 	461.146 	3.12705 	614.189 	2.69438
5.67011224e-09 	78725.86567 	461.084 	3.12645 	613.973 	2.69448
5.677816893e-09 	78725.86567 	460.825 	3.12394 	613.062 	2.69487
5.67957054e-09 	78725.86567 	460.765 	3.12337 	612.855 	2.69496
3.782431828e-09 	78725.86567 	524.923 	3.82575 	948.06 	1.56465
3.898794662e-09 	78725.86567 	521.019 	3.7803 	917.477 	1.70882
3.958814787e-09 	78725.86567 	519.001 	3.75674 	902.462 	1.78038
4.171148257e-09 	78725.86567 	511.842 	3.67322 	853.093 	2.01383
4.199377138e-09 	78725.86567 	510.888 	3.66213 	846.937 	2.04225
4.251432167e-09 	78725.86567 	509.128 	3.64172 	835.815 	2.09292
4.277040882e-09 	78725.86567 	508.262 	3.6317 	830.452 	2.11701
4.295182595e-09 	78725.86567 	507.648 	3.6246 	826.693 	2.13373
4.296892884e-09 	78725.86567 	507.591 	3.62393 	826.341 	2.13529
4.29780357e-09 	78725.86567 	507.56 	3.62358 	826.153 	2.13612
4.345650891e-09 	78725.86567 	505.941 	3.60491 	816.417 	2.17874
4.352405824e-09 	78725.86567 	505.712 	3.60228 	815.06 	2.1846
4.354991263e-09 	78725.86567 	505.624 	3.60127 	814.543 	2.18683
4.359576075e-09 	78725.86567 	505.469 	3.59948 	813.626 	2.19078
4.36241462e-09 	78725.86567 	505.373 	3.59838 	813.06 	2.19321
4.363965674e-09 	78725.86567 	505.321 	3.59778 	812.75 	2.19453
4.380158704e-09 	78725.86567 	504.772 	3.59148 	809.536 	2.20825
4.40930157e-09 	78725.86567 	503.785 	3.58016 	803.816 	2.23236
4.413256452e-09 	78725.86567 	503.651 	3.57863 	803.046 	2.23557
4.50190402e-09 	78725.86567 	500.648 	3.54437 	786.165 	2.30405
4.504678806e-09 	78725.86567 	500.554 	3.5433 	785.648 	2.30608
4.505288327e-09 	78725.86567 	500.533 	3.54307 	785.534 	2.30652
4.512060754e-09 	78725.86567 	500.304 	3.54046 	784.276 	2.31146
4.531864641e-09 	78725.86567 	499.632 	3.53285 	780.618 	2.32565
4.53453933e-09 	78725.86567 	499.542 	3.53182 	780.127 	2.32754
4.537486532e-09 	78725.86567 	499.442 	3.53069 	779.586 	2.32962
4.540926035e-09 	78725.86567 	499.325 	3.52937 	778.956 	2.33203
4.543672454e-09 	78725.86567 	499.232 	3.52832 	778.454 	2.33396
4.545548579e-09 	78725.86567 	499.169 	3.5276 	778.111 	2.33526
4.575604433e-09 	78725.86567 	498.15 	3.51609 	772.66 	2.35582
4.584367768e-09 	78725.86567 	497.852 	3.51274 	771.085 	2.36167
4.611935706e-09 	78725.86567 	496.918 	3.50223 	766.171 	2.37965
4.619883319e-09 	78725.86567 	496.648 	3.4992 	764.766 	2.38472
4.620494755e-09 	78725.86567 	496.627 	3.49897 	764.658 	2.38511
4.627360817e-09 	78725.86567 	496.395 	3.49635 	763.449 	2.38944
4.658061145e-09 	78725.86567 	495.353 	3.4847 	758.087 	2.40833
4.661300004e-09 	78725.86567 	495.244 	3.48347 	757.525 	2.41028
4.671468843e-09 	78725.86567 	494.899 	3.47962 	755.768 	2.41635
4.67355467e-09 	78725.86567 	494.828 	3.47883 	755.409 	2.41758
4.690025046e-09 	78725.86567 	494.269 	3.4726 	752.582 	2.4272
4.699601892e-09 	78725.86567 	493.944 	3.46899 	750.949 	2.43269
4.704773852e-09 	78725.86567 	493.769 	3.46704 	750.069 	2.43563
4.705378003e-09 	78725.86567 	493.749 	3.46681 	749.966 	2.43597
4.70564147e-09 	78725.86567 	493.74 	3.46671 	749.922 	2.43612
4.715790698e-09 	78725.86567 	493.395 	3.46288 	748.202 	2.44181
4.723033096e-09 	78725.86567 	493.15 	3.46016 	746.98 	2.44582
4.730190309e-09 	78725.86567 	492.907 	3.45747 	745.776 	2.44975
4.735732922e-09 	78725.86567 	492.719 	3.45538 	744.846 	2.45276
4.735870076e-09 	78725.86567 	492.714 	3.45533 	744.823 	2.45284
4.743011382e-09 	78725.86567 	492.472 	3.45265 	743.629 	2.45668
4.744184377e-09 	78725.86567 	492.432 	3.45221 	743.433 	2.45731
4.760028001e-09 	78725.86567 	491.895 	3.44627 	740.798 	2.46569
4.763590613e-09 	78725.86567 	491.774 	3.44493 	740.207 	2.46754
4.775049931e-09 	78725.86567 	491.385 	3.44064 	738.315 	2.47345
4.779030529e-09 	78725.86567 	491.25 	3.43916 	737.66 	2.47548
4.77904704e-09 	78725.86567 	491.25 	3.43915 	737.658 	2.47549
4.77985373e-09 	78725.86567 	491.222 	3.43885 	737.525 	2.4759
4.784110668e-09 	78725.86567 	491.078 	3.43726 	736.826 	2.47805
4.787080551e-09 	78725.86567 	490.977 	3.43615 	736.339 	2.47955
4.790248759e-09 	78725.86567 	490.87 	3.43497 	735.821 	2.48114
4.81174306e-09 	78725.86567 	490.141 	3.42695 	732.32 	2.49171
4.813578134e-09 	78725.86567 	490.078 	3.42627 	732.023 	2.4926
4.843994189e-09 	78725.86567 	489.047 	3.41497 	727.128 	2.50694
4.845045331e-09 	78725.86567 	489.011 	3.41458 	726.96 	2.50742
4.849604681e-09 	78725.86567 	488.856 	3.41289 	726.232 	2.50951
4.85130052e-09 	78725.86567 	488.799 	3.41226 	725.961 	2.51028
4.857876542e-09 	78725.86567 	488.576 	3.40983 	724.915 	2.51326
4.867033189e-09 	78725.86567 	488.265 	3.40644 	723.462 	2.51736
4.874666225e-09 	78725.86567 	488.006 	3.40362 	722.255 	2.52072
4.878057725e-09 	78725.86567 	487.891 	3.40237 	721.72 	2.52221
4.880302453e-09 	78725.86567 	487.815 	3.40154 	721.367 	2.52319
4.886391027e-09 	78725.86567 	487.608 	3.39929 	720.409 	2.52582
4.891984437e-09 	78725.86567 	487.419 	3.39723 	719.532 	2.52822
4.893164738e-09 	78725.86567 	487.379 	3.3968 	719.347 	2.52872
4.893954371e-09 	78725.86567 	487.352 	3.39651 	719.223 	2.52906
4.902001035e-09 	78725.86567 	487.079 	3.39354 	717.966 	2.53246
4.906938156e-09 	78725.86567 	486.912 	3.39173 	717.196 	2.53452
4.930997104e-09 	78725.86567 	486.096 	3.38289 	713.468 	2.54434
4.944450576e-09 	78725.86567 	485.639 	3.37797 	711.399 	2.54966
4.946135792e-09 	78725.86567 	485.582 	3.37735 	711.141 	2.55032
4.946518812e-09 	78725.86567 	485.569 	3.37721 	711.082 	2.55047
4.95180477e-09 	78725.86567 	485.39 	3.37528 	710.273 	2.55252
4.957179759e-09 	78725.86567 	485.208 	3.37331 	709.453 	2.55459
4.964383097e-09 	78725.86567 	484.963 	3.37068 	708.355 	2.55733
4.968790297e-09 	78725.86567 	484.814 	3.36908 	707.686 	2.55899
4.969989073e-09 	78725.86567 	484.773 	3.36864 	707.504 	2.55943
4.975140572e-09 	78725.86567 	484.598 	3.36676 	706.723 	2.56135
4.979273352e-09 	78725.86567 	484.458 	3.36526 	706.097 	2.56288
4.994133075e-09 	78725.86567 	483.954 	3.35985 	703.858 	2.56829
4.995069042e-09 	78725.86567 	483.923 	3.35951 	703.717 	2.56862
4.995489805e-09 	78725.86567 	483.908 	3.35936 	703.654 	2.56877
5.002948915e-09 	78725.86567 	483.655 	3.35665 	702.535 	2.57143
5.020715668e-09 	78725.86567 	483.053 	3.35021 	699.884 	2.5776
5.021777697e-09 	78725.86567 	483.017 	3.34982 	699.726 	2.57797
5.027594053e-09 	78725.86567 	482.82 	3.34772 	698.863 	2.57994
5.036353735e-09 	78725.86567 	482.523 	3.34455 	697.566 	2.58288
5.029969996e-09 	78725.86567 	482.739 	3.34686 	698.51 	2.58075
5.043342772e-09 	78725.86567 	482.286 	3.34203 	696.535 	2.58519
5.046225697e-09 	78725.86567 	482.188 	3.34099 	696.11 	2.58614
5.054942663e-09 	78725.86567 	481.893 	3.33785 	694.829 	2.58896
5.056180374e-09 	78725.86567 	481.851 	3.3374 	694.648 	2.58936
5.064148358e-09 	78725.86567 	481.58 	3.33453 	693.481 	2.5919
5.086243899e-09 	78725.86567 	480.831 	3.3266 	690.266 	2.59873
5.091810185e-09 	78725.86567 	480.643 	3.3246 	689.46 	2.60041
5.073695991e-09 	78725.86567 	481.257 	3.3311 	692.088 	2.59489
5.100753049e-09 	78725.86567 	480.34 	3.3214 	688.169 	2.60307
5.107601121e-09 	78725.86567 	480.108 	3.31895 	687.183 	2.60507
5.100862905e-09 	78725.86567 	480.336 	3.32136 	688.153 	2.6031
5.108233121e-09 	78725.86567 	480.086 	3.31872 	687.093 	2.60526
5.110481957e-09 	78725.86567 	480.01 	3.31792 	686.77 	2.60591
5.12001505e-09 	78725.86567 	479.687 	3.31451 	685.404 	2.60864
5.122793155e-09 	78725.86567 	479.593 	3.31352 	685.006 	2.60943
5.12580703e-09 	78725.86567 	479.491 	3.31245 	684.576 	2.61027
5.126171246e-09 	78725.86567 	479.478 	3.31232 	684.524 	2.61038
5.130715548e-09 	78725.86567 	479.324 	3.3107 	683.876 	2.61164
5.131520798e-09 	78725.86567 	479.297 	3.31041 	683.761 	2.61187
