num 	tox 	h0 	age_value 
1192 	5.5e-09 	100037.7707 	4.149047e-03 	
1731 	5.5e-09 	100267.1694 	4.139554e-03 	
1914 	5.5e-09 	100264.8496 	4.139650e-03 	
1427 	5.5e-09 	100297.5346 	4.138301e-03 	
1769 	5.5e-09 	100332.3469 	4.136865e-03 	
354 	5.5e-09 	100340.7181 	4.136520e-03 	
514 	5.5e-09 	100264.1543 	4.139679e-03 	
1032 	5.5e-09 	100342.137 	4.136461e-03 	
1592 	5.5e-09 	100377.0052 	4.135024e-03 	
81 	5.5e-09 	100411.6306 	4.133599e-03 	
1570 	5.5e-09 	100415.4329 	4.133442e-03 	
1501 	5.5e-09 	100430.1248 	4.132837e-03 	
528 	5.5e-09 	100484.2856 	4.130610e-03 	
1267 	5.5e-09 	100555.1181 	4.127700e-03 	
265 	5.5e-09 	100582.2781 	4.126586e-03 	
1375 	5.5e-09 	100593.8893 	4.126109e-03 	
1326 	5.5e-09 	100584.0387 	4.126513e-03 	
1462 	5.5e-09 	100650.8243 	4.123775e-03 	
1599 	5.5e-09 	100742.0076 	4.120043e-03 	
1680 	5.5e-09 	100720.0391 	4.120941e-03 	
703 	5.5e-09 	100750.069 	4.119713e-03 	
292 	5.5e-09 	100948.4469 	4.111617e-03 	
1331 	5.5e-09 	100973.4193 	4.110600e-03 	
1687 	5.5e-09 	101117.3674 	4.104749e-03 	
688 	5.5e-09 	101125.8389 	4.104405e-03 	
283 	5.5e-09 	101184.9633 	4.102006e-03 	
1609 	5.5e-09 	101228.8241 	4.100229e-03 	
1332 	5.5e-09 	101285.45 	4.097937e-03 	
58 	5.5e-09 	101435.1271 	4.091890e-03 	
1666 	5.5e-09 	101442.4114 	4.091596e-03 	
788 	5.5e-09 	101599.0563 	4.085288e-03 	
1520 	5.5e-09 	101518.9085 	4.088513e-03 	
1796 	5.5e-09 	101726.1024 	4.080186e-03 	
1422 	5.5e-09 	101745.7405 	4.079398e-03 	
284 	5.5e-09 	101817.3559 	4.076529e-03 	
617 	5.5e-09 	101796.0694 	4.077381e-03 	
1443 	5.5e-09 	101965.9938 	4.070586e-03 	
1291 	5.5e-09 	101972.2782 	4.070335e-03 	
1021 	5.5e-09 	102150.1029 	4.063250e-03 	
414 	5.5e-09 	102180.0856 	4.062057e-03 	
136 	5.5e-09 	102276.3077 	4.058236e-03 	
396 	5.5e-09 	102337.581 	4.055806e-03 	
1851 	5.5e-09 	102506.0993 	4.049138e-03 	
461 	5.5e-09 	102365.4219 	4.054703e-03 	
1984 	5.5e-09 	102554.198 	4.047239e-03 	
1007 	5.5e-09 	102558.9554 	4.047051e-03 	
1509 	5.5e-09 	102621.5529 	4.044583e-03 	
291 	5.5e-09 	102630.0302 	4.044249e-03 	
573 	5.5e-09 	102576.6377 	4.046354e-03 	
1536 	5.5e-09 	102578.8541 	4.046266e-03 	
1397 	5.5e-09 	102631.7177 	4.044182e-03 	
501 	5.5e-09 	102633.9342 	4.044095e-03 	
1487 	5.5e-09 	102721.9357 	4.040630e-03 	
1926 	5.5e-09 	102805.4695 	4.037347e-03 	
1137 	5.5e-09 	103037.907 	4.028240e-03 	
761 	5.5e-09 	102878.4424 	4.034483e-03 	
552 	5.5e-09 	103233.7315 	4.020598e-03 	
1292 	5.5e-09 	103219.5693 	4.021150e-03 	
1310 	5.5e-09 	103596.7075 	4.006511e-03 	
183 	5.5e-09 	103513.9451 	4.009715e-03 	
955 	5.5e-09 	103683.6263 	4.003153e-03 	
647 	5.5e-09 	103233.9057 	4.020592e-03 	
811 	5.5e-09 	103296.9283 	4.018139e-03 	
918 	5.5e-09 	103769.7614 	3.999830e-03 	
1940 	5.5e-09 	103977.005 	3.991857e-03 	
774 	5.5e-09 	103909.1928 	3.994462e-03 	
1814 	5.5e-09 	104167.8714 	3.984543e-03 	
1050 	5.5e-09 	104169.5482 	3.984479e-03 	
335 	5.5e-09 	104249.416 	3.981426e-03 	
422 	5.5e-09 	104266.7002 	3.980766e-03 	
1722 	5.5e-09 	104289.2669 	3.979905e-03 	
598 	5.5e-09 	104359.974 	3.977208e-03 	
1354 	5.5e-09 	104587.3343 	3.968562e-03 	
1917 	5.5e-09 	104576.6554 	3.968968e-03 	
658 	5.5e-09 	104646.2203 	3.966329e-03 	
1543 	5.5e-09 	104744.8903 	3.962593e-03 	
1921 	5.5e-09 	104716.6379 	3.963662e-03 	
24 	5.5e-09 	104908.8877 	3.956399e-03 	
1162 	5.5e-09 	105047.446 	3.951180e-03 	
409 	5.5e-09 	105442.2893 	3.936384e-03 	
535 	5.5e-09 	105081.5522 	3.949898e-03 	
10 	5.5e-09 	105443.8303 	3.936327e-03 	
1963 	5.5e-09 	105241.8794 	3.943880e-03 	
487 	5.5e-09 	105411.0133 	3.937552e-03 	
498 	5.5e-09 	105536.0143 	3.932888e-03 	
157 	5.5e-09 	105520.2674 	3.933475e-03 	
97 	5.5e-09 	105620.8517 	3.929729e-03 	
877 	5.5e-09 	105702.2028 	3.926705e-03 	
1795 	5.5e-09 	105765.6108 	3.924351e-03 	
246 	5.5e-09 	105833.2289 	3.921844e-03 	
1376 	5.5e-09 	105871.47 	3.920427e-03 	
1124 	5.5e-09 	106060.5712 	3.913437e-03 	
888 	5.5e-09 	105920.4336 	3.918615e-03 	
1249 	5.5e-09 	106084.7867 	3.912544e-03 	
1745 	5.5e-09 	106415.5305 	3.900383e-03 	
812 	5.5e-09 	106663.2562 	3.891325e-03 	
1313 	5.5e-09 	106755.4184 	3.887965e-03 	
839 	5.5e-09 	106759.7078 	3.887809e-03 	
1176 	5.5e-09 	106954.5545 	3.880726e-03 	
1619 	5.5e-09 	107378.038 	3.865421e-03 	
75 	5.5e-09 	107432.3812 	3.863466e-03 	
900 	5.5e-09 	107554.6177 	3.859075e-03 	
1774 	5.5e-09 	107570.1192 	3.858519e-03 	
747 	5.5e-09 	107666.7879 	3.855055e-03 	
1644 	5.5e-09 	107851.7522 	3.848443e-03 	
270 	5.5e-09 	108052.8879 	3.841280e-03 	
766 	5.5e-09 	108085.5988 	3.840117e-03 	
579 	5.5e-09 	108160.058 	3.837474e-03 	
1669 	5.5e-09 	108639.3056 	3.820545e-03 	
661 	5.5e-09 	110422.5251 	3.758847e-03 	
357 	5.5e-09 	109698.6054 	3.783652e-03 	
368 	5.5e-09 	110105.1446 	3.769682e-03 	
636 	5.5e-09 	110127.7413 	3.768908e-03 	
1657 	5.5e-09 	110600.234 	3.752807e-03 	
1072 	5.5e-09 	110811.8349 	3.745641e-03 	
31 	5.5e-09 	110878.2992 	3.743396e-03 	
1417 	5.5e-09 	110958.8345 	3.740679e-03 	
1554 	5.5e-09 	111627.9969 	3.718255e-03 	
1506 	5.5e-09 	112722.9031 	3.682139e-03 	
116 	5.5e-09 	112890.7888 	3.676663e-03 	
1896 	5.5e-09 	113743.503 	3.649100e-03 	
1115 	5.5e-09 	113018.7094 	3.672501e-03 	
1436 	5.5e-09 	114560.8929 	3.623063e-03 	
201 	5.5e-09 	47267.8808 	8.781045e-03 	
1018 	5.5e-09 	123066.9773 	3.372646e-03 	
1165 	5.5e-09 	126283.1793 	3.286751e-03 	
1732 	5.5e-09 	52600.08844 	7.890887e-03 	
104 	5.5e-09 	54880.39074 	7.563018e-03 	
1823 	5.5e-09 	56132.73155 	7.394284e-03 	
1982 	5.5e-09 	47900.48575 	8.665076e-03 	
472 	5.5e-09 	49042.92637 	8.463226e-03 	
1908 	5.5e-09 	54481.32049 	7.618416e-03 	
274 	5.5e-09 	56138.53634 	7.393520e-03 	
162 	5.5e-09 	56361.86484 	7.364224e-03 	
1274 	5.5e-09 	56430.71036 	7.355239e-03 	
759 	5.5e-09 	56879.84173 	7.297161e-03 	
1169 	5.5e-09 	56684.42506 	7.322318e-03 	
859 	5.5e-09 	57433.65785 	7.226797e-03 	
1637 	5.5e-09 	57724.43931 	7.190392e-03 	
1648 	5.5e-09 	57779.06625 	7.183594e-03 	
998 	5.5e-09 	58315.65313 	7.117495e-03 	
1711 	5.5e-09 	58647.6631 	7.077202e-03 	
377 	5.5e-09 	58838.48157 	7.054250e-03 	
909 	5.5e-09 	58732.62411 	7.066965e-03 	
640 	5.5e-09 	58917.43999 	7.044796e-03 	
435 	5.5e-09 	59127.24682 	7.019799e-03 	
1527 	5.5e-09 	59277.99957 	7.001946e-03 	
1347 	5.5e-09 	59461.83766 	6.980298e-03 	
738 	5.5e-09 	59528.02962 	6.972537e-03 	
649 	5.5e-09 	59555.24556 	6.969350e-03 	
431 	5.5e-09 	59643.34286 	6.959056e-03 	
1550 	5.5e-09 	59799.9679 	6.940829e-03 	
3 	5.5e-09 	59971.2138 	6.921010e-03 	
1408 	5.5e-09 	59982.26956 	6.919734e-03 	
1889 	5.5e-09 	60442.10422 	6.867090e-03 	
816 	5.5e-09 	60165.84573 	6.898621e-03 	
494 	5.5e-09 	60011.20285 	6.916398e-03 	
364 	5.5e-09 	60448.98749 	6.866308e-03 	
1534 	5.5e-09 	60481.74403 	6.862589e-03 	
339 	5.5e-09 	60668.3754 	6.841478e-03 	
1429 	5.5e-09 	61043.06446 	6.799485e-03 	
668 	5.5e-09 	61299.94508 	6.770991e-03 	
1949 	5.5e-09 	61432.86654 	6.756341e-03 	
1689 	5.5e-09 	61577.99854 	6.740417e-03 	
1802 	5.5e-09 	61627.0393 	6.735053e-03 	
1404 	5.5e-09 	61894.63339 	6.705935e-03 	
1254 	5.5e-09 	61679.75018 	6.729297e-03 	
1767 	5.5e-09 	61935.61795 	6.701497e-03 	
389 	5.5e-09 	61585.1338 	6.739636e-03 	
1715 	5.5e-09 	61989.10117 	6.695715e-03 	
868 	5.5e-09 	62412.76632 	6.650264e-03 	
1778 	5.5e-09 	62510.81162 	6.639833e-03 	
263 	5.5e-09 	62621.49217 	6.628098e-03 	
22 	5.5e-09 	62018.73239 	6.692516e-03 	
920 	5.5e-09 	62475.70195 	6.643565e-03 	
608 	5.5e-09 	62688.82956 	6.620978e-03 	
1954 	5.5e-09 	62987.0765 	6.589628e-03 	
1867 	5.5e-09 	62927.45521 	6.595871e-03 	
1993 	5.5e-09 	63159.52137 	6.571636e-03 	
1211 	5.5e-09 	63204.11053 	6.567000e-03 	
234 	5.5e-09 	63117.49286 	6.576012e-03 	
256 	5.5e-09 	63295.391 	6.557529e-03 	
1615 	5.5e-09 	63556.84656 	6.530553e-03 	
545 	5.5e-09 	63652.39651 	6.520750e-03 	
913 	5.5e-09 	63438.15209 	6.542772e-03 	
1816 	5.5e-09 	63730.30097 	6.512779e-03 	
4 	5.5e-09 	63787.71369 	6.506917e-03 	
125 	5.5e-09 	63806.54108 	6.504997e-03 	
171 	5.5e-09 	63898.29656 	6.495656e-03 	
906 	5.5e-09 	63855.70341 	6.499989e-03 	
1529 	5.5e-09 	64030.85255 	6.482209e-03 	
1030 	5.5e-09 	64091.044 	6.476121e-03 	
993 	5.5e-09 	64110.66522 	6.474139e-03 	
148 	5.5e-09 	64232.33986 	6.461875e-03 	
129 	5.5e-09 	64553.8431 	6.429693e-03 	
1068 	5.5e-09 	64508.54676 	6.434207e-03 	
1156 	5.5e-09 	64752.2429 	6.409992e-03 	
1694 	5.5e-09 	64727.29605 	6.412463e-03 	
1133 	5.5e-09 	64796.2724 	6.405637e-03 	
1277 	5.5e-09 	64817.53544 	6.403535e-03 	
1144 	5.5e-09 	64997.04894 	6.385849e-03 	
190 	5.5e-09 	65026.75613 	6.382932e-03 	
1426 	5.5e-09 	64957.25847 	6.389761e-03 	
1928 	5.5e-09 	65039.29025 	6.381702e-03 	
213 	5.5e-09 	65118.12175 	6.373976e-03 	
1366 	5.5e-09 	65070.00758 	6.378689e-03 	
1676 	5.5e-09 	65125.20708 	6.373283e-03 	
1303 	5.5e-09 	65152.47122 	6.370616e-03 	
1415 	5.5e-09 	65167.12872 	6.369183e-03 	
563 	5.5e-09 	65275.63166 	6.358596e-03 	
675 	5.5e-09 	65446.5127 	6.341994e-03 	
1781 	5.5e-09 	65467.96046 	6.339916e-03 	
1571 	5.5e-09 	65518.28014 	6.335047e-03 	
564 	5.5e-09 	65535.06465 	6.333424e-03 	
237 	5.5e-09 	65579.06121 	6.329175e-03 	
524 	5.5e-09 	65605.83167 	6.326593e-03 	
1174 	5.5e-09 	65657.18067 	6.321645e-03 	
1320 	5.5e-09 	65766.68028 	6.311119e-03 	
407 	5.5e-09 	65743.81272 	6.313315e-03 	
1067 	5.5e-09 	65769.52661 	6.310846e-03 	
1634 	5.5e-09 	65791.76826 	6.308713e-03 	
586 	5.5e-09 	65917.24394 	6.296704e-03 	
629 	5.5e-09 	65999.22201 	6.288883e-03 	
255 	5.5e-09 	65835.1744 	6.304553e-03 	
442 	5.5e-09 	66032.23373 	6.285739e-03 	
542 	5.5e-09 	66181.47359 	6.271564e-03 	
607 	5.5e-09 	66285.80316 	6.261693e-03 	
881 	5.5e-09 	66306.52837 	6.259736e-03 	
733 	5.5e-09 	66326.91693 	6.257812e-03 	
1044 	5.5e-09 	66215.02558 	6.268386e-03 	
935 	5.5e-09 	66361.49796 	6.254551e-03 	
654 	5.5e-09 	66422.08488 	6.248846e-03 	
1564 	5.5e-09 	66424.9129 	6.248580e-03 	
794 	5.5e-09 	66424.98554 	6.248573e-03 	
59 	5.5e-09 	66447.38421 	6.246467e-03 	
465 	5.5e-09 	66442.12231 	6.246961e-03 	
1545 	5.5e-09 	66567.66418 	6.235180e-03 	
489 	5.5e-09 	66471.9024 	6.244163e-03 	
719 	5.5e-09 	66581.67655 	6.233868e-03 	
1994 	5.5e-09 	66711.89315 	6.221700e-03 	
319 	5.5e-09 	66842.81715 	6.209513e-03 	
741 	5.5e-09 	66686.93187 	6.224029e-03 	
1471 	5.5e-09 	66758.67162 	6.217340e-03 	
752 	5.5e-09 	66858.50742 	6.208056e-03 	
1282 	5.5e-09 	66868.81342 	6.207099e-03 	
17 	5.5e-09 	66870.72515 	6.206922e-03 	
1296 	5.5e-09 	67019.31572 	6.193160e-03 	
134 	5.5e-09 	66916.06188 	6.202717e-03 	
1563 	5.5e-09 	67045.53845 	6.190738e-03 	
856 	5.5e-09 	67069.30991 	6.188544e-03 	
1975 	5.5e-09 	67098.79628 	6.185824e-03 	
1344 	5.5e-09 	67128.20573 	6.183114e-03 	
1946 	5.5e-09 	67181.77653 	6.178184e-03 	
1752 	5.5e-09 	67199.3124 	6.176572e-03 	
1095 	5.5e-09 	67146.22142 	6.181455e-03 	
1953 	5.5e-09 	67274.46098 	6.169672e-03 	
1106 	5.5e-09 	67378.76515 	6.160121e-03 	
1741 	5.5e-09 	67398.1758 	6.158347e-03 	
400 	5.5e-09 	67411.76947 	6.157105e-03 	
277 	5.5e-09 	67446.04781 	6.153976e-03 	
1450 	5.5e-09 	67459.33195 	6.152764e-03 	
694 	5.5e-09 	67500.13595 	6.149045e-03 	
523 	5.5e-09 	67557.20428 	6.143851e-03 	
1198 	5.5e-09 	67569.12499 	6.142767e-03 	
1702 	5.5e-09 	67639.37314 	6.136387e-03 	
1572 	5.5e-09 	67599.82071 	6.139977e-03 	
1385 	5.5e-09 	67644.68805 	6.135905e-03 	
441 	5.5e-09 	67702.04777 	6.130706e-03 	
1341 	5.5e-09 	67673.26703 	6.133314e-03 	
971 	5.5e-09 	67766.5835 	6.124868e-03 	
1256 	5.5e-09 	67771.99059 	6.124379e-03 	
386 	5.5e-09 	67780.99275 	6.123566e-03 	
1263 	5.5e-09 	67868.26428 	6.115692e-03 	
734 	5.5e-09 	67879.96896 	6.114637e-03 	
1197 	5.5e-09 	68006.4069 	6.103269e-03 	
776 	5.5e-09 	68047.39146 	6.099593e-03 	
611 	5.5e-09 	68051.44056 	6.099230e-03 	
1092 	5.5e-09 	68145.3793 	6.090822e-03 	
455 	5.5e-09 	68208.19748 	6.085212e-03 	
1516 	5.5e-09 	68285.81675 	6.078295e-03 	
122 	5.5e-09 	68196.99363 	6.086212e-03 	
84 	5.5e-09 	68294.63307 	6.077511e-03 	
1894 	5.5e-09 	68399.41661 	6.068200e-03 	
1515 	5.5e-09 	68425.253 	6.065909e-03 	
466 	5.5e-09 	68473.66574 	6.061620e-03 	
508 	5.5e-09 	68492.96351 	6.059913e-03 	
189 	5.5e-09 	68614.52019 	6.049177e-03 	
1495 	5.5e-09 	68621.23288 	6.048585e-03 	
1327 	5.5e-09 	68663.25425 	6.044883e-03 	
107 	5.5e-09 	68724.16431 	6.039526e-03 	
451 	5.5e-09 	68781.06467 	6.034530e-03 	
693 	5.5e-09 	68762.32165 	6.036174e-03 	
382 	5.5e-09 	68819.81841 	6.031131e-03 	
1221 	5.5e-09 	68824.58047 	6.030714e-03 	
1612 	5.5e-09 	68875.83387 	6.026226e-03 	
1473 	5.5e-09 	68877.73725 	6.026060e-03 	
452 	5.5e-09 	68887.3591 	6.025218e-03 	
1651 	5.5e-09 	68921.88225 	6.022200e-03 	
60 	5.5e-09 	68926.4695 	6.021799e-03 	
886 	5.5e-09 	68944.85815 	6.020193e-03 	
1043 	5.5e-09 	68949.16618 	6.019817e-03 	
1285 	5.5e-09 	68985.55576 	6.016642e-03 	
1449 	5.5e-09 	68990.15807 	6.016240e-03 	
1081 	5.5e-09 	69056.53528 	6.010458e-03 	
1742 	5.5e-09 	69044.30755 	6.011522e-03 	
1679 	5.5e-09 	69098.76385 	6.006784e-03 	
1222 	5.5e-09 	69100.7266 	6.006614e-03 	
1805 	5.5e-09 	69139.3416 	6.003259e-03 	
248 	5.5e-09 	69153.97112 	6.001989e-03 	
560 	5.5e-09 	69225.69449 	5.995770e-03 	
797 	5.5e-09 	69230.83802 	5.995325e-03 	
312 	5.5e-09 	69289.02796 	5.990290e-03 	
615 	5.5e-09 	69310.67315 	5.988419e-03 	
214 	5.5e-09 	69336.59854 	5.986180e-03 	
1088 	5.5e-09 	69340.0646 	5.985881e-03 	
604 	5.5e-09 	69359.47925 	5.984205e-03 	
192 	5.5e-09 	69398.79577 	5.980815e-03 	
186 	5.5e-09 	69404.64971 	5.980311e-03 	
972 	5.5e-09 	69416.06662 	5.979327e-03 	
336 	5.5e-09 	69433.00896 	5.977868e-03 	
1012 	5.5e-09 	69471.16249 	5.974585e-03 	
1701 	5.5e-09 	69584.91709 	5.964818e-03 	
1454 	5.5e-09 	69610.47471 	5.962628e-03 	
1655 	5.5e-09 	69623.37326 	5.961523e-03 	
1737 	5.5e-09 	69681.95878 	5.956511e-03 	
546 	5.5e-09 	69777.47998 	5.948357e-03 	
985 	5.5e-09 	69698.4026 	5.955106e-03 	
1147 	5.5e-09 	69780.92117 	5.948064e-03 	
927 	5.5e-09 	69800.20672 	5.946420e-03 	
1025 	5.5e-09 	69857.26959 	5.941563e-03 	
1390 	5.5e-09 	69878.41641 	5.939765e-03 	
805 	5.5e-09 	69905.8737 	5.937432e-03 	
1491 	5.5e-09 	69933.31751 	5.935102e-03 	
1105 	5.5e-09 	70030.48815 	5.926867e-03 	
1474 	5.5e-09 	70049.62903 	5.925247e-03 	
185 	5.5e-09 	70050.91162 	5.925139e-03 	
1064 	5.5e-09 	70103.5411 	5.920691e-03 	
986 	5.5e-09 	70143.36562 	5.917329e-03 	
209 	5.5e-09 	70200.65331 	5.912500e-03 	
679 	5.5e-09 	70271.4368 	5.906545e-03 	
1698 	5.5e-09 	70287.01265 	5.905236e-03 	
820 	5.5e-09 	70342.48158 	5.900579e-03 	
1299 	5.5e-09 	70324.78038 	5.902064e-03 	
1151 	5.5e-09 	70390.63434 	5.896543e-03 	
168 	5.5e-09 	70468.37976 	5.890037e-03 	
1845 	5.5e-09 	70524.86598 	5.885320e-03 	
863 	5.5e-09 	70583.44722 	5.880435e-03 	
1824 	5.5e-09 	70564.69608 	5.881998e-03 	
259 	5.5e-09 	70618.34134 	5.877529e-03 	
585 	5.5e-09 	70642.56489 	5.875514e-03 	
989 	5.5e-09 	70681.41134 	5.872285e-03 	
1477 	5.5e-09 	70687.1375 	5.871809e-03 	
1130 	5.5e-09 	70736.52763 	5.867709e-03 	
1453 	5.5e-09 	70771.67653 	5.864795e-03 	
210 	5.5e-09 	70710.92333 	5.869834e-03 	
316 	5.5e-09 	70790.95232 	5.863198e-03 	
1997 	5.5e-09 	70797.05629 	5.862693e-03 	
1738 	5.5e-09 	70800.96356 	5.862369e-03 	
946 	5.5e-09 	70808.28243 	5.861763e-03 	
1365 	5.5e-09 	70835.68178 	5.859496e-03 	
1712 	5.5e-09 	70881.80712 	5.855683e-03 	
507 	5.5e-09 	70946.63369 	5.850332e-03 	
1719 	5.5e-09 	70970.90752 	5.848331e-03 	
1886 	5.5e-09 	70951.78776 	5.849907e-03 	
600 	5.5e-09 	70971.86479 	5.848252e-03 	
1907 	5.5e-09 	70973.65475 	5.848105e-03 	
945 	5.5e-09 	70987.5413 	5.846961e-03 	
1828 	5.5e-09 	70994.09084 	5.846421e-03 	
1864 	5.5e-09 	71069.70983 	5.840201e-03 	
1082 	5.5e-09 	71079.32105 	5.839411e-03 	
1846 	5.5e-09 	71116.26684 	5.836377e-03 	
779 	5.5e-09 	71147.82576 	5.833789e-03 	
1011 	5.5e-09 	71161.86845 	5.832637e-03 	
770 	5.5e-09 	71249.60761 	5.825455e-03 	
626 	5.5e-09 	71261.48338 	5.824484e-03 	
1931 	5.5e-09 	71269.19766 	5.823854e-03 	
1697 	5.5e-09 	71282.86234 	5.822737e-03 	
1519 	5.5e-09 	71309.85777 	5.820533e-03 	
340 	5.5e-09 	71391.69713 	5.813861e-03 	
1958 	5.5e-09 	71360.79829 	5.816378e-03 	
1819 	5.5e-09 	71400.02852 	5.813182e-03 	
428 	5.5e-09 	71441.35361 	5.809820e-03 	
1760 	5.5e-09 	71444.86477 	5.809534e-03 	
1998 	5.5e-09 	71454.09801 	5.808783e-03 	
392 	5.5e-09 	71456.76673 	5.808566e-03 	
1393 	5.5e-09 	71496.6713 	5.805324e-03 	
846 	5.5e-09 	71520.17378 	5.803417e-03 	
950 	5.5e-09 	71531.46575 	5.802501e-03 	
932 	5.5e-09 	71561.78218 	5.800042e-03 	
537 	5.5e-09 	71568.77096 	5.799476e-03 	
1239 	5.5e-09 	71573.1092 	5.799125e-03 	
1885 	5.5e-09 	71649.91652 	5.792908e-03 	
1468 	5.5e-09 	71592.70325 	5.797537e-03 	
446 	5.5e-09 	71638.87597 	5.793801e-03 	
860 	5.5e-09 	71670.60628 	5.791236e-03 	
729 	5.5e-09 	71800.42991 	5.780764e-03 	
101 	5.5e-09 	71801.59299 	5.780671e-03 	
1194 	5.5e-09 	71841.04439 	5.777496e-03 	
1342 	5.5e-09 	71900.38841 	5.772728e-03 	
1362 	5.5e-09 	71803.87026 	5.780487e-03 	
1478 	5.5e-09 	71901.92073 	5.772605e-03 	
1935 	5.5e-09 	71907.39012 	5.772166e-03 	
1957 	5.5e-09 	71944.62167 	5.769179e-03 	
1348 	5.5e-09 	71962.96249 	5.767708e-03 	
325 	5.5e-09 	72010.75287 	5.763880e-03 	
783 	5.5e-09 	72030.83263 	5.762274e-03 	
1180 	5.5e-09 	72050.99391 	5.760661e-03 	
806 	5.5e-09 	72061.30099 	5.759837e-03 	
199 	5.5e-09 	72125.50388 	5.754710e-03 	
1306 	5.5e-09 	72134.29781 	5.754009e-03 	
1568 	5.5e-09 	72140.15174 	5.753542e-03 	
959 	5.5e-09 	72183.94436 	5.750051e-03 	
990 	5.5e-09 	72159.90528 	5.751967e-03 	
0 	5.5e-09 	72185.60638 	5.749919e-03 	
14 	5.5e-09 	72214.61628 	5.747609e-03 	
1324 	5.5e-09 	72193.59228 	5.749283e-03 	
1361 	5.5e-09 	72220.24842 	5.747161e-03 	
1936 	5.5e-09 	72224.37583 	5.746832e-03 	
923 	5.5e-09 	72225.40559 	5.746750e-03 	
367 	5.5e-09 	72234.65087 	5.746015e-03 	
326 	5.5e-09 	72277.42206 	5.742615e-03 	
1575 	5.5e-09 	72305.93986 	5.740350e-03 	
1707 	5.5e-09 	72311.95451 	5.739872e-03 	
469 	5.5e-09 	72402.43995 	5.732699e-03 	
1558 	5.5e-09 	72412.58624 	5.731895e-03 	
403 	5.5e-09 	72430.09637 	5.730510e-03 	
567 	5.5e-09 	72438.58687 	5.729838e-03 	
518 	5.5e-09 	72449.39064 	5.728984e-03 	
867 	5.5e-09 	72475.70287 	5.726904e-03 	
1411 	5.5e-09 	72534.81345 	5.722237e-03 	
1784 	5.5e-09 	72532.30192 	5.722435e-03 	
873 	5.5e-09 	72524.73997 	5.723032e-03 	
79 	5.5e-09 	72557.38595 	5.720457e-03 	
1208 	5.5e-09 	72609.60212 	5.716343e-03 	
513 	5.5e-09 	72586.55647 	5.718158e-03 	
690 	5.5e-09 	72625.66004 	5.715079e-03 	
87 	5.5e-09 	72644.86256 	5.713568e-03 	
1492 	5.5e-09 	72742.39844 	5.705907e-03 	
1403 	5.5e-09 	72683.97878 	5.710493e-03 	
302 	5.5e-09 	72747.86356 	5.705479e-03 	
445 	5.5e-09 	72756.67342 	5.704788e-03 	
363 	5.5e-09 	72770.54155 	5.703700e-03 	
66 	5.5e-09 	72789.23424 	5.702236e-03 	
251 	5.5e-09 	72803.88682 	5.701088e-03 	
699 	5.5e-09 	72824.89737 	5.699443e-03 	
1337 	5.5e-09 	72827.28847 	5.699256e-03 	
1799 	5.5e-09 	72831.51121 	5.698926e-03 	
1217 	5.5e-09 	72867.18634 	5.696136e-03 	
56 	5.5e-09 	72856.01241 	5.697009e-03 	
1273 	5.5e-09 	72876.86665 	5.695379e-03 	
801 	5.5e-09 	72877.98128 	5.695292e-03 	
845 	5.5e-09 	72919.08593 	5.692081e-03 	
712 	5.5e-09 	72925.57467 	5.691575e-03 	
65 	5.5e-09 	72926.71398 	5.691486e-03 	
730 	5.5e-09 	72961.10815 	5.688803e-03 	
1972 	5.5e-09 	73112.35713 	5.677034e-03 	
949 	5.5e-09 	73073.7109 	5.680037e-03 	
448 	5.5e-09 	73041.85241 	5.682514e-03 	
301 	5.5e-09 	73053.02656 	5.681645e-03 	
424 	5.5e-09 	73125.84496 	5.675987e-03 	
179 	5.5e-09 	73180.13554 	5.671776e-03 	
1868 	5.5e-09 	73186.83478 	5.671257e-03 	
1586 	5.5e-09 	73287.27267 	5.663485e-03 	
1193 	5.5e-09 	73326.84524 	5.660429e-03 	
1684 	5.5e-09 	73366.57794 	5.657363e-03 	
1661 	5.5e-09 	73443.5374 	5.651435e-03 	
527 	5.5e-09 	73457.67109 	5.650348e-03 	
140 	5.5e-09 	73505.37103 	5.646681e-03 	
716 	5.5e-09 	73499.65333 	5.647120e-03 	
1232 	5.5e-09 	73548.43065 	5.643375e-03 	
470 	5.5e-09 	73514.07177 	5.646013e-03 	
70 	5.5e-09 	73566.58793 	5.641982e-03 	
1338 	5.5e-09 	73556.36914 	5.642766e-03 	
1810 	5.5e-09 	73608.67037 	5.638757e-03 	
1187 	5.5e-09 	73611.61144 	5.638531e-03 	
791 	5.5e-09 	73656.7203 	5.635078e-03 	
1141 	5.5e-09 	73653.32838 	5.635338e-03 	
41 	5.5e-09 	73662.20924 	5.634658e-03 	
42 	5.5e-09 	73662.99269 	5.634598e-03 	
621 	5.5e-09 	73671.16107 	5.633974e-03 	
842 	5.5e-09 	73697.4726 	5.631962e-03 	
1813 	5.5e-09 	73705.96248 	5.631313e-03 	
1138 	5.5e-09 	73784.51694 	5.625318e-03 	
80 	5.5e-09 	73735.66981 	5.629045e-03 	
1589 	5.5e-09 	73826.27628 	5.622136e-03 	
644 	5.5e-09 	73825.11061 	5.622225e-03 	
1625 	5.5e-09 	73831.53293 	5.621736e-03 	
1170 	5.5e-09 	73818.76705 	5.622708e-03 	
815 	5.5e-09 	73857.38393 	5.619768e-03 	
618 	5.5e-09 	73853.19886 	5.620087e-03 	
1004 	5.5e-09 	73863.30497 	5.619318e-03 	
689 	5.5e-09 	73946.57683 	5.612990e-03 	
549 	5.5e-09 	73885.53491 	5.617627e-03 	
1585 	5.5e-09 	73887.97862 	5.617441e-03 	
802 	5.5e-09 	73914.05536 	5.615459e-03 	
353 	5.5e-09 	73959.80844 	5.611985e-03 	
1110 	5.5e-09 	73982.29314 	5.610280e-03 	
358 	5.5e-09 	74016.23208 	5.607707e-03 	
224 	5.5e-09 	74062.92758 	5.604172e-03 	
343 	5.5e-09 	74014.8043 	5.607816e-03 	
493 	5.5e-09 	74144.43499 	5.598011e-03 	
151 	5.5e-09 	74135.69367 	5.598671e-03 	
1432 	5.5e-09 	74095.15665 	5.601734e-03 	
1608 	5.5e-09 	74122.41874 	5.599674e-03 	
819 	5.5e-09 	74198.66305 	5.593920e-03 	
153 	5.5e-09 	74219.94273 	5.592316e-03 	
650 	5.5e-09 	74202.41987 	5.593637e-03 	
1054 	5.5e-09 	74265.73918 	5.588867e-03 	
45 	5.5e-09 	74321.06557 	5.584707e-03 	
1483 	5.5e-09 	74323.09418 	5.584555e-03 	
1236 	5.5e-09 	74328.55613 	5.584144e-03 	
755 	5.5e-09 	74341.88956 	5.583143e-03 	
1560 	5.5e-09 	74347.462 	5.582724e-03 	
266 	5.5e-09 	74349.83988 	5.582546e-03 	
1756 	5.5e-09 	74358.10943 	5.581925e-03 	
1120 	5.5e-09 	74373.028 	5.580805e-03 	
1630 	5.5e-09 	74390.48964 	5.579495e-03 	
1049 	5.5e-09 	74408.94548 	5.578111e-03 	
269 	5.5e-09 	74439.36364 	5.575832e-03 	
1218 	5.5e-09 	74489.47878 	5.572080e-03 	
1626 	5.5e-09 	74521.18953 	5.569709e-03 	
1300 	5.5e-09 	74526.90817 	5.569282e-03 	
475 	5.5e-09 	74540.7837 	5.568245e-03 	
737 	5.5e-09 	74552.51887 	5.567369e-03 	
968 	5.5e-09 	74565.05972 	5.566433e-03 	
1913 	5.5e-09 	74588.94417 	5.564650e-03 	
242 	5.5e-09 	74589.92394 	5.564577e-03 	
260 	5.5e-09 	74591.17378 	5.564484e-03 	
1104 	5.5e-09 	74594.68212 	5.564222e-03 	
1259 	5.5e-09 	74657.61541 	5.559532e-03 	
1763 	5.5e-09 	74671.54986 	5.558494e-03 	
1987 	5.5e-09 	74646.92317 	5.560328e-03 	
1950 	5.5e-09 	74645.27311 	5.560451e-03 	
773 	5.5e-09 	74686.45098 	5.557385e-03 	
1212 	5.5e-09 	74704.21 	5.556064e-03 	
590 	5.5e-09 	74717.93506 	5.555043e-03 	
1918 	5.5e-09 	74741.99859 	5.553255e-03 	
1524 	5.5e-09 	74775.27109 	5.550784e-03 	
1439 	5.5e-09 	74776.35239 	5.550704e-03 	
550 	5.5e-09 	74833.17995 	5.546489e-03 	
1770 	5.5e-09 	74845.73685 	5.545558e-03 	
169 	5.5e-09 	74873.00136 	5.543539e-03 	
315 	5.5e-09 	74936.74093 	5.538823e-03 	
1841 	5.5e-09 	74891.10419 	5.542199e-03 	
841 	5.5e-09 	75000.90175 	5.534085e-03 	
1085 	5.5e-09 	75001.71445 	5.534025e-03 	
896 	5.5e-09 	74983.02255 	5.535405e-03 	
1398 	5.5e-09 	74937.84596 	5.538742e-03 	
974 	5.5e-09 	75081.18892 	5.528167e-03 	
1754 	5.5e-09 	75051.17264 	5.530378e-03 	
196 	5.5e-09 	75094.87764 	5.527160e-03 	
1351 	5.5e-09 	75106.8513 	5.526278e-03 	
975 	5.5e-09 	75096.06308 	5.527072e-03 	
1271 	5.5e-09 	75107.06594 	5.526263e-03 	
111 	5.5e-09 	75025.44046 	5.532275e-03 	
69 	5.5e-09 	75153.99731 	5.522812e-03 	
1533 	5.5e-09 	75108.78068 	5.526136e-03 	
98 	5.5e-09 	75201.84988 	5.519297e-03 	
667 	5.5e-09 	75181.95784 	5.520758e-03 	
119 	5.5e-09 	75213.1086 	5.518471e-03 	
910 	5.5e-09 	75225.33611 	5.517574e-03 	
1827 	5.5e-09 	75263.67186 	5.514764e-03 	
287 	5.5e-09 	75280.15543 	5.513556e-03 	
1968 	5.5e-09 	75263.72698 	5.514760e-03 	
484 	5.5e-09 	75293.35367 	5.512590e-03 	
1109 	5.5e-09 	75304.88289 	5.511746e-03 	
1127 	5.5e-09 	75388.06526 	5.505664e-03 	
1820 	5.5e-09 	75344.9276 	5.508816e-03 	
780 	5.5e-09 	75408.08459 	5.504203e-03 	
390 	5.5e-09 	75428.40378 	5.502720e-03 	
1022 	5.5e-09 	75415.47045 	5.503663e-03 	
823 	5.5e-09 	75425.49907 	5.502932e-03 	
1904 	5.5e-09 	75508.23963 	5.496902e-03 	
372 	5.5e-09 	75492.2477 	5.498066e-03 	
1882 	5.5e-09 	75452.80751 	5.500940e-03 	
1309 	5.5e-09 	75543.17501 	5.494360e-03 	
9 	5.5e-09 	75598.2651 	5.490356e-03 	
584 	5.5e-09 	75522.06547 	5.495895e-03 	
997 	5.5e-09 	75598.51796 	5.490337e-03 	
1371 	5.5e-09 	75605.75672 	5.489812e-03 	
147 	5.5e-09 	75616.34981 	5.489043e-03 	
1223 	5.5e-09 	75606.18115 	5.489781e-03 	
1875 	5.5e-09 	75653.0691 	5.486379e-03 	
1421 	5.5e-09 	75629.16208 	5.488113e-03 	
1590 	5.5e-09 	75671.94744 	5.485010e-03 	
322 	5.5e-09 	75687.75553 	5.483864e-03 	
1713 	5.5e-09 	75674.99924 	5.484789e-03 	
1553 	5.5e-09 	75770.8834 	5.477848e-03 	
1159 	5.5e-09 	75758.20871 	5.478764e-03 	
1469 	5.5e-09 	75773.48426 	5.477660e-03 	
194 	5.5e-09 	75719.91114 	5.481535e-03 	
1690 	5.5e-09 	75696.57641 	5.483225e-03 	
1364 	5.5e-09 	75802.25847 	5.475581e-03 	
835 	5.5e-09 	75802.55077 	5.475559e-03 	
1530 	5.5e-09 	75788.20317 	5.476596e-03 	
1665 	5.5e-09 	75806.72344 	5.475258e-03 	
979 	5.5e-09 	75870.40718 	5.470662e-03 	
878 	5.5e-09 	75896.0618 	5.468813e-03 	
1675 	5.5e-09 	75835.14499 	5.473206e-03 	
883 	5.5e-09 	75906.57274 	5.468056e-03 	
744 	5.5e-09 	75923.90293 	5.466808e-03 	
905 	5.5e-09 	75989.12491 	5.462115e-03 	
46 	5.5e-09 	76032.12496 	5.459026e-03 	
172 	5.5e-09 	75931.56674 	5.466256e-03 	
1884 	5.5e-09 	75967.02514 	5.463704e-03 	
1264 	5.5e-09 	76039.41545 	5.458503e-03 	
933 	5.5e-09 	75917.76106 	5.467250e-03 	
324 	5.5e-09 	76044.46531 	5.458140e-03 	
273 	5.5e-09 	76082.61861 	5.455403e-03 	
632 	5.5e-09 	76102.26222 	5.453995e-03 	
426 	5.5e-09 	76116.50373 	5.452975e-03 	
589 	5.5e-09 	76106.74682 	5.453674e-03 	
1430 	5.5e-09 	76126.45699 	5.452262e-03 	
676 	5.5e-09 	76158.79982 	5.449946e-03 	
429 	5.5e-09 	76183.76645 	5.448160e-03 	
1900 	5.5e-09 	76219.4722 	5.445608e-03 	
1510 	5.5e-09 	76231.54294 	5.444746e-03 	
231 	5.5e-09 	76242.20438 	5.443984e-03 	
1693 	5.5e-09 	76313.38564 	5.438907e-03 	
1629 	5.5e-09 	76304.82312 	5.439517e-03 	
1967 	5.5e-09 	76295.81592 	5.440159e-03 	
233 	5.5e-09 	76346.54858 	5.436544e-03 	
413 	5.5e-09 	76314.56973 	5.438822e-03 	
639 	5.5e-09 	76339.43152 	5.437051e-03 	
1323 	5.5e-09 	76321.52155 	5.438327e-03 	
784 	5.5e-09 	76250.57765 	5.443387e-03 	
1777 	5.5e-09 	76388.79178 	5.433538e-03 	
1891 	5.5e-09 	76385.90599 	5.433743e-03 	
1488 	5.5e-09 	76354.59052 	5.435971e-03 	
1380 	5.5e-09 	76355.78419 	5.435886e-03 	
1855 	5.5e-09 	76399.6123 	5.432768e-03 	
994 	5.5e-09 	76363.84107 	5.435313e-03 	
410 	5.5e-09 	76521.85495 	5.424089e-03 	
520 	5.5e-09 	76479.83743 	5.427069e-03 	
762 	5.5e-09 	76534.19397 	5.423215e-03 	
297 	5.5e-09 	76454.87109 	5.428841e-03 	
215 	5.5e-09 	76534.89821 	5.423165e-03 	
1759 	5.5e-09 	76584.82905 	5.419629e-03 	
1716 	5.5e-09 	76473.48255 	5.427520e-03 	
63 	5.5e-09 	76620.93875 	5.417075e-03 	
1387 	5.5e-09 	76595.41814 	5.418880e-03 	
1540 	5.5e-09 	76547.88481 	5.422245e-03 	
360 	5.5e-09 	76613.53674 	5.417598e-03 	
917 	5.5e-09 	76604.77431 	5.418218e-03 	
1512 	5.5e-09 	76640.1847 	5.415715e-03 	
612 	5.5e-09 	76640.72646 	5.415676e-03 	
1890 	5.5e-09 	76659.58312 	5.414344e-03 	
502 	5.5e-09 	76689.98339 	5.412198e-03 	
800 	5.5e-09 	76691.54592 	5.412088e-03 	
765 	5.5e-09 	76700.72942 	5.411440e-03 	
1658 	5.5e-09 	76762.2608 	5.407102e-03 	
1086 	5.5e-09 	76763.33229 	5.407027e-03 	
1027 	5.5e-09 	76765.48612 	5.406875e-03 	
1425 	5.5e-09 	76770.69029 	5.406508e-03 	
1842 	5.5e-09 	76820.09311 	5.403031e-03 	
1040 	5.5e-09 	76826.99753 	5.402546e-03 	
1336 	5.5e-09 	76788.59224 	5.405248e-03 	
83 	5.5e-09 	76821.32973 	5.402944e-03 	
1494 	5.5e-09 	76806.05005 	5.404019e-03 	
1925 	5.5e-09 	76905.10772 	5.397059e-03 	
238 	5.5e-09 	76863.80091 	5.399959e-03 	
1278 	5.5e-09 	76945.58884 	5.394219e-03 	
1782 	5.5e-09 	76948.55521 	5.394011e-03 	
497 	5.5e-09 	76905.47833 	5.397033e-03 	
449 	5.5e-09 	76964.5382 	5.392891e-03 	
454 	5.5e-09 	76984.00905 	5.391527e-03 	
1214 	5.5e-09 	77008.4951 	5.389813e-03 	
252 	5.5e-09 	77049.54631 	5.386941e-03 	
1831 	5.5e-09 	77091.60289 	5.384002e-03 	
1091 	5.5e-09 	77075.13276 	5.385153e-03 	
911 	5.5e-09 	77134.32815 	5.381020e-03 	
1288 	5.5e-09 	77150.28443 	5.379907e-03 	
1922 	5.5e-09 	77157.08009 	5.379433e-03 	
1209 	5.5e-09 	77065.46863 	5.385828e-03 	
714 	5.5e-09 	77138.24072 	5.380747e-03 	
64 	5.5e-09 	77240.13046 	5.373649e-03 	
717 	5.5e-09 	77058.6333 	5.386306e-03 	
1588 	5.5e-09 	77297.33001 	5.369673e-03 	
892 	5.5e-09 	77219.2965 	5.375099e-03 	
1075 	5.5e-09 	77238.19447 	5.373784e-03 	
379 	5.5e-09 	77276.53045 	5.371118e-03 	
1631 	5.5e-09 	77306.12262 	5.369062e-03 	
1015 	5.5e-09 	77321.08053 	5.368023e-03 	
1801 	5.5e-09 	77415.31883 	5.361489e-03 	
1640 	5.5e-09 	77343.22581 	5.366486e-03 	
331 	5.5e-09 	77425.85447 	5.360759e-03 	
1611 	5.5e-09 	77474.62327 	5.357385e-03 	
928 	5.5e-09 	77440.25169 	5.359763e-03 	
818 	5.5e-09 	77521.41296 	5.354151e-03 	
1279 	5.5e-09 	77576.88399 	5.350323e-03 	
1881 	5.5e-09 	77559.9351 	5.351492e-03 	
1029 	5.5e-09 	77557.05771 	5.351691e-03 	
1464 	5.5e-09 	77462.11929 	5.358250e-03 	
112 	5.5e-09 	77458.25096 	5.358517e-03 	
903 	5.5e-09 	77494.01538 	5.356044e-03 	
844 	5.5e-09 	77535.80858 	5.353157e-03 	
378 	5.5e-09 	77594.43201 	5.349113e-03 	
152 	5.5e-09 	77651.50074 	5.345182e-03 	
1008 	5.5e-09 	77654.36574 	5.344984e-03 	
1602 	5.5e-09 	77642.30193 	5.345815e-03 	
951 	5.5e-09 	77472.50613 	5.357531e-03 	
1970 	5.5e-09 	77667.4006 	5.344087e-03 	
158 	5.5e-09 	77608.52533 	5.348141e-03 	
1959 	5.5e-09 	77680.87114 	5.343161e-03 	
1973 	5.5e-09 	77685.42237 	5.342848e-03 	
1155 	5.5e-09 	77692.25624 	5.342378e-03 	
239 	5.5e-09 	77688.10234 	5.342663e-03 	
130 	5.5e-09 	77697.29333 	5.342031e-03 	
1161 	5.5e-09 	77697.54317 	5.342014e-03 	
108 	5.5e-09 	77699.76434 	5.341861e-03 	
657 	5.5e-09 	77730.22651 	5.339768e-03 	
1567 	5.5e-09 	77769.0603 	5.337102e-03 	
49 	5.5e-09 	77755.31537 	5.338045e-03 	
1652 	5.5e-09 	77741.92958 	5.338964e-03 	
1624 	5.5e-09 	77988.19007 	5.322105e-03 	
1121 	5.5e-09 	77772.39849 	5.336872e-03 	
715 	5.5e-09 	77877.51736 	5.329669e-03 	
1166 	5.5e-09 	77829.50366 	5.332957e-03 	
555 	5.5e-09 	77867.26299 	5.330371e-03 	
678 	5.5e-09 	77892.249 	5.328661e-03 	
35 	5.5e-09 	77908.4687 	5.327551e-03 	
1173 	5.5e-09 	77989.56775 	5.322011e-03 	
662 	5.5e-09 	77884.20876 	5.329211e-03 	
1638 	5.5e-09 	77932.77531 	5.325890e-03 	
245 	5.5e-09 	77991.67309 	5.321868e-03 	
321 	5.5e-09 	78010.8251 	5.320561e-03 	
44 	5.5e-09 	78010.98793 	5.320550e-03 	
19 	5.5e-09 	78030.61823 	5.319212e-03 	
1224 	5.5e-09 	77771.41297 	5.336940e-03 	
548 	5.5e-09 	77936.24992 	5.325652e-03 	
28 	5.5e-09 	77987.47997 	5.322154e-03 	
673 	5.5e-09 	77938.75634 	5.325481e-03 	
1943 	5.5e-09 	77981.64604 	5.322552e-03 	
490 	5.5e-09 	78067.6814 	5.316686e-03 	
1234 	5.5e-09 	78060.34037 	5.317186e-03 	
1237 	5.5e-09 	78038.88385 	5.318648e-03 	
1071 	5.5e-09 	78109.9107 	5.313812e-03 	
854 	5.5e-09 	78111.99158 	5.313670e-03 	
133 	5.5e-09 	78115.32485 	5.313444e-03 	
174 	5.5e-09 	78122.11385 	5.312982e-03 	
653 	5.5e-09 	78191.21104 	5.308287e-03 	
1547 	5.5e-09 	78185.30754 	5.308688e-03 	
603 	5.5e-09 	78155.30563 	5.310725e-03 	
1773 	5.5e-09 	78188.75687 	5.308453e-03 	
1148 	5.5e-09 	78272.79264 	5.302754e-03 	
530 	5.5e-09 	78246.95723 	5.304505e-03 	
1345 	5.5e-09 	78197.58669 	5.307854e-03 	
969 	5.5e-09 	78321.75734 	5.299439e-03 	
532 	5.5e-09 	78244.38671 	5.304679e-03 	
857 	5.5e-09 	78310.2646 	5.300217e-03 	
1036 	5.5e-09 	78345.21192 	5.297852e-03 	
720 	5.5e-09 	78371.88815 	5.296049e-03 	
1034 	5.5e-09 	78397.02337 	5.294351e-03 	
539 	5.5e-09 	78297.27478 	5.301096e-03 	
1757 	5.5e-09 	78281.88381 	5.302138e-03 	
1250 	5.5e-09 	78302.13673 	5.300767e-03 	
1952 	5.5e-09 	78459.83948 	5.290112e-03 	
1945 	5.5e-09 	78465.68733 	5.289718e-03 	
1253 	5.5e-09 	78421.99606 	5.292665e-03 	
1798 	5.5e-09 	78460.60391 	5.290061e-03 	
1359 	5.5e-09 	78490.79736 	5.288026e-03 	
1691 	5.5e-09 	78477.72565 	5.288907e-03 	
1792 	5.5e-09 	78532.25938 	5.285234e-03 	
1003 	5.5e-09 	78520.20329 	5.286046e-03 	
1840 	5.5e-09 	78566.23366 	5.282949e-03 	
1633 	5.5e-09 	78523.15853 	5.285847e-03 	
440 	5.5e-09 	78573.61462 	5.282452e-03 	
90 	5.5e-09 	78579.001 	5.282090e-03 	
742 	5.5e-09 	78606.54003 	5.280240e-03 	
1196 	5.5e-09 	78655.18291 	5.276974e-03 	
1577 	5.5e-09 	78682.1864 	5.275163e-03 	
1017 	5.5e-09 	78686.16075 	5.274897e-03 	
21 	5.5e-09 	78689.00948 	5.274706e-03 	
1134 	5.5e-09 	78698.31125 	5.274082e-03 	
373 	5.5e-09 	78807.85527 	5.266751e-03 	
85 	5.5e-09 	78829.52847 	5.265303e-03 	
1084 	5.5e-09 	78852.31774 	5.263782e-03 	
864 	5.5e-09 	78787.51937 	5.268111e-03 	
1549 	5.5e-09 	78788.2097 	5.268065e-03 	
1718 	5.5e-09 	78879.34602 	5.261978e-03 	
1235 	5.5e-09 	78902.17144 	5.260456e-03 	
1484 	5.5e-09 	78886.69322 	5.261488e-03 	
1595 	5.5e-09 	78889.96723 	5.261269e-03 	
197 	5.5e-09 	78926.20159 	5.258854e-03 	
829 	5.5e-09 	78909.02592 	5.259999e-03 	
630 	5.5e-09 	78914.93627 	5.259605e-03 	
1418 	5.5e-09 	78933.17574 	5.258389e-03 	
1420 	5.5e-09 	78932.91121 	5.258407e-03 	
175 	5.5e-09 	78857.29412 	5.263449e-03 	
664 	5.5e-09 	78994.67409 	5.254296e-03 	
1574 	5.5e-09 	78972.83739 	5.255749e-03 	
1466 	5.5e-09 	78991.02951 	5.254538e-03 	
309 	5.5e-09 	78980.96376 	5.255208e-03 	
756 	5.5e-09 	79028.10168 	5.252073e-03 	
1755 	5.5e-09 	79018.36427 	5.252720e-03 	
1317 	5.5e-09 	79035.94428 	5.251552e-03 	
1135 	5.5e-09 	79045.73705 	5.250901e-03 	
298 	5.5e-09 	79096.45897 	5.247534e-03 	
306 	5.5e-09 	79151.13867 	5.243909e-03 	
1670 	5.5e-09 	79170.34732 	5.242637e-03 	
18 	5.5e-09 	79128.58025 	5.245404e-03 	
939 	5.5e-09 	79102.1896 	5.247154e-03 	
1231 	5.5e-09 	79149.83146 	5.243996e-03 	
930 	5.5e-09 	79121.2766 	5.245888e-03 	
1988 	5.5e-09 	79296.14564 	5.234320e-03 	
1664 	5.5e-09 	79242.39341 	5.237870e-03 	
476 	5.5e-09 	79222.99245 	5.239153e-03 	
286 	5.5e-09 	79228.27138 	5.238804e-03 	
1979 	5.5e-09 	79194.8387 	5.241015e-03 	
280 	5.5e-09 	79193.18962 	5.241125e-03 	
1546 	5.5e-09 	79250.41646 	5.237340e-03 	
1322 	5.5e-09 	79180.29053 	5.241978e-03 	
1407 	5.5e-09 	79189.70842 	5.241355e-03 	
1764 	5.5e-09 	79296.40417 	5.234303e-03 	
671 	5.5e-09 	79343.15275 	5.231219e-03 	
583 	5.5e-09 	79328.97118 	5.232154e-03 	
419 	5.5e-09 	79314.91257 	5.233081e-03 	
735 	5.5e-09 	79309.20867 	5.233457e-03 	
1847 	5.5e-09 	79364.31071 	5.229824e-03 	
385 	5.5e-09 	79400.80617 	5.227420e-03 	
1260 	5.5e-09 	79364.63891 	5.229802e-03 	
541 	5.5e-09 	79376.02492 	5.229052e-03 	
785 	5.5e-09 	79432.51899 	5.225333e-03 	
1093 	5.5e-09 	79409.20259 	5.226867e-03 	
1400 	5.5e-09 	79442.99941 	5.224644e-03 	
871 	5.5e-09 	79402.06664 	5.227337e-03 	
1523 	5.5e-09 	79455.457 	5.223825e-03 	
1090 	5.5e-09 	79444.96307 	5.224515e-03 	
633 	5.5e-09 	79486.7427 	5.221769e-03 	
566 	5.5e-09 	79495.60321 	5.221187e-03 	
790 	5.5e-09 	79501.52055 	5.220798e-03 	
1901 	5.5e-09 	79520.34665 	5.219562e-03 	
692 	5.5e-09 	79507.33343 	5.220416e-03 	
1613 	5.5e-09 	79558.73218 	5.217044e-03 	
62 	5.5e-09 	79613.59257 	5.213449e-03 	
1911 	5.5e-09 	79614.52991 	5.213387e-03 	
1505 	5.5e-09 	79531.93078 	5.218802e-03 	
1358 	5.5e-09 	79640.87526 	5.211663e-03 	
1440 	5.5e-09 	79667.17415 	5.209942e-03 	
1378 	5.5e-09 	79702.08218 	5.207660e-03 	
561 	5.5e-09 	79519.88731 	5.219592e-03 	
1538 	5.5e-09 	79735.46342 	5.205480e-03 	
1541 	5.5e-09 	79659.19924 	5.210464e-03 	
1559 	5.5e-09 	79721.2057 	5.206411e-03 	
188 	5.5e-09 	79688.56894 	5.208543e-03 	
504 	5.5e-09 	79651.73459 	5.210952e-03 	
412 	5.5e-09 	79745.72722 	5.204810e-03 	
1862 	5.5e-09 	79767.85821 	5.203366e-03 	
1381 	5.5e-09 	79768.47488 	5.203326e-03 	
1448 	5.5e-09 	79774.71446 	5.202919e-03 	
1295 	5.5e-09 	79808.93809 	5.200688e-03 	
764 	5.5e-09 	79815.79479 	5.200241e-03 	
952 	5.5e-09 	79826.75573 	5.199527e-03 	
350 	5.5e-09 	79849.33386 	5.198057e-03 	
511 	5.5e-09 	79850.55263 	5.197977e-03 	
1736 	5.5e-09 	79863.72579 	5.197120e-03 	
916 	5.5e-09 	79867.69544 	5.196862e-03 	
1857 	5.5e-09 	79881.00861 	5.195996e-03 	
914 	5.5e-09 	79872.03077 	5.196580e-03 	
483 	5.5e-09 	79934.97477 	5.192488e-03 	
519 	5.5e-09 	79902.7362 	5.194583e-03 	
1489 	5.5e-09 	79984.07502 	5.189300e-03 	
1281 	5.5e-09 	79991.36363 	5.188827e-03 	
345 	5.5e-09 	79967.48654 	5.190377e-03 	
296 	5.5e-09 	80057.24156 	5.184557e-03 	
337 	5.5e-09 	80050.2571 	5.185010e-03 	
195 	5.5e-09 	79997.84585 	5.188407e-03 	
1871 	5.5e-09 	80133.98928 	5.179592e-03 	
491 	5.5e-09 	80158.26831 	5.178023e-03 	
1286 	5.5e-09 	80176.97267 	5.176815e-03 	
131 	5.5e-09 	80102.55849 	5.181624e-03 	
496 	5.5e-09 	80106.10691 	5.181395e-03 	
1932 	5.5e-09 	80196.25042 	5.175571e-03 	
1623 	5.5e-09 	80201.21314 	5.175251e-03 	
594 	5.5e-09 	80194.52861 	5.175682e-03 	
1179 	5.5e-09 	80178.08634 	5.176743e-03 	
597 	5.5e-09 	80264.41739 	5.171175e-03 	
342 	5.5e-09 	80059.28436 	5.184425e-03 	
1171 	5.5e-09 	80203.65763 	5.175093e-03 	
605 	5.5e-09 	80285.44612 	5.169821e-03 	
651 	5.5e-09 	80288.50387 	5.169624e-03 	
1647 	5.5e-09 	80296.44608 	5.169113e-03 	
602 	5.5e-09 	80304.88492 	5.168569e-03 	
1057 	5.5e-09 	80305.72762 	5.168515e-03 	
882 	5.5e-09 	80366.01332 	5.164638e-03 	
1289 	5.5e-09 	80330.09695 	5.166947e-03 	
1294 	5.5e-09 	80368.35003 	5.164488e-03 	
216 	5.5e-09 	80389.437 	5.163133e-03 	
1700 	5.5e-09 	80435.96876 	5.160146e-03 	
1467 	5.5e-09 	80377.46164 	5.163902e-03 	
126 	5.5e-09 	80411.33292 	5.161727e-03 	
1708 	5.5e-09 	80418.1336 	5.161291e-03 	
1062 	5.5e-09 	80378.30676 	5.163848e-03 	
1065 	5.5e-09 	80425.31785 	5.160830e-03 	
1070 	5.5e-09 	80401.05025 	5.162387e-03 	
1924 	5.5e-09 	80450.19738 	5.159234e-03 	
203 	5.5e-09 	80437.64515 	5.160039e-03 	
208 	5.5e-09 	80499.15319 	5.156096e-03 	
931 	5.5e-09 	80503.51371 	5.155817e-03 	
938 	5.5e-09 	80558.36124 	5.152307e-03 	
885 	5.5e-09 	80522.30209 	5.154614e-03 	
980 	5.5e-09 	80575.38301 	5.151218e-03 	
1459 	5.5e-09 	80570.92487 	5.151503e-03 	
121 	5.5e-09 	80592.0698 	5.150152e-03 	
278 	5.5e-09 	80616.35761 	5.148600e-03 	
936 	5.5e-09 	80641.67245 	5.146984e-03 	
890 	5.5e-09 	80675.06908 	5.144853e-03 	
1873 	5.5e-09 	80693.1897 	5.143698e-03 	
807 	5.5e-09 	80680.51799 	5.144506e-03 	
821 	5.5e-09 	80694.07299 	5.143641e-03 	
988 	5.5e-09 	80697.3817 	5.143430e-03 	
893 	5.5e-09 	80694.62076 	5.143606e-03 	
1646 	5.5e-09 	80717.66158 	5.142138e-03 	
1641 	5.5e-09 	80740.76169 	5.140667e-03 	
118 	5.5e-09 	80759.46842 	5.139476e-03 	
1335 	5.5e-09 	80734.09585 	5.141091e-03 	
427 	5.5e-09 	80774.72749 	5.138505e-03 	
314 	5.5e-09 	80836.11423 	5.134603e-03 	
272 	5.5e-09 	80823.20799 	5.135423e-03 	
1476 	5.5e-09 	80770.82144 	5.138754e-03 	
317 	5.5e-09 	80844.36198 	5.134079e-03 	
1837 	5.5e-09 	80867.10245 	5.132636e-03 	
113 	5.5e-09 	80785.97274 	5.137790e-03 	
1152 	5.5e-09 	80886.74937 	5.131389e-03 	
793 	5.5e-09 	80920.72528 	5.129234e-03 	
1583 	5.5e-09 	80929.74269 	5.128663e-03 	
1834 	5.5e-09 	80908.91996 	5.129983e-03 	
1829 	5.5e-09 	80942.14329 	5.127877e-03 	
1727 	5.5e-09 	80937.3633 	5.128180e-03 	
1098 	5.5e-09 	80956.47851 	5.126969e-03 	
1101 	5.5e-09 	80990.00413 	5.124847e-03 	
798 	5.5e-09 	80999.84755 	5.124224e-03 	
1126 	5.5e-09 	81005.8553 	5.123844e-03 	
1160 	5.5e-09 	81009.49809 	5.123614e-03 	
1893 	5.5e-09 	81037.7138 	5.121830e-03 	
1996 	5.5e-09 	81038.83333 	5.121759e-03 	
569 	5.5e-09 	81047.82979 	5.121190e-03 	
1343 	5.5e-09 	81052.093 	5.120921e-03 	
223 	5.5e-09 	81069.70216 	5.119809e-03 	
700 	5.5e-09 	81056.09622 	5.120668e-03 	
1826 	5.5e-09 	80938.51168 	5.128107e-03 	
7 	5.5e-09 	81089.30074 	5.118571e-03 	
656 	5.5e-09 	81086.01573 	5.118779e-03 	
574 	5.5e-09 	81072.19383 	5.119651e-03 	
1513 	5.5e-09 	81154.26524 	5.114474e-03 	
1531 	5.5e-09 	81162.2519 	5.113971e-03 	
1605 	5.5e-09 	81111.40333 	5.117177e-03 	
29 	5.5e-09 	81176.38109 	5.113081e-03 	
26 	5.5e-09 	81184.78944 	5.112551e-03 	
1919 	5.5e-09 	81179.07655 	5.112911e-03 	
1243 	5.5e-09 	81207.68095 	5.111110e-03 	
71 	5.5e-09 	81187.10375 	5.112405e-03 	
180 	5.5e-09 	81277.35451 	5.106728e-03 	
54 	5.5e-09 	81168.8627 	5.113554e-03 	
359 	5.5e-09 	81227.08307 	5.109889e-03 	
244 	5.5e-09 	81282.88414 	5.106381e-03 	
393 	5.5e-09 	81333.97648 	5.103173e-03 	
1386 	5.5e-09 	81332.7716 	5.103249e-03 	
1389 	5.5e-09 	81344.88274 	5.102489e-03 	
1807 	5.5e-09 	81333.72212 	5.103189e-03 	
253 	5.5e-09 	81282.2216 	5.106423e-03 	
1539 	5.5e-09 	81321.55311 	5.103953e-03 	
404 	5.5e-09 	81313.62076 	5.104451e-03 	
1350 	5.5e-09 	81358.27016 	5.101649e-03 	
1392 	5.5e-09 	81358.45252 	5.101638e-03 	
1772 	5.5e-09 	81432.44475 	5.097002e-03 	
1747 	5.5e-09 	81432.75476 	5.096983e-03 	
1728 	5.5e-09 	81434.19692 	5.096893e-03 	
944 	5.5e-09 	81481.89642 	5.093909e-03 	
862 	5.5e-09 	81481.44034 	5.093938e-03 	
922 	5.5e-09 	81482.73312 	5.093857e-03 	
159 	5.5e-09 	81482.05426 	5.093899e-03 	
533 	5.5e-09 	81482.80176 	5.093852e-03 	
1870 	5.5e-09 	81529.85277 	5.090913e-03 	
100 	5.5e-09 	81579.55635 	5.087811e-03 	
849 	5.5e-09 	81485.69402 	5.093672e-03 	
924 	5.5e-09 	81504.22605 	5.092514e-03 	
961 	5.5e-09 	81497.14144 	5.092956e-03 	
1497 	5.5e-09 	81582.41765 	5.087633e-03 	
1865 	5.5e-09 	81531.48832 	5.090811e-03 	
290 	5.5e-09 	81644.60187 	5.083758e-03 	
1028 	5.5e-09 	81606.81693 	5.086112e-03 	
1252 	5.5e-09 	81613.20458 	5.085713e-03 	
1037 	5.5e-09 	81607.21548 	5.086087e-03 	
1960 	5.5e-09 	81643.00612 	5.083857e-03 	
1683 	5.5e-09 	81653.38289 	5.083211e-03 	
1047 	5.5e-09 	81650.85723 	5.083368e-03 	
1026 	5.5e-09 	81659.209 	5.082848e-03 	
139 	5.5e-09 	81701.85303 	5.080195e-03 	
482 	5.5e-09 	81725.68496 	5.078714e-03 	
1793 	5.5e-09 	81738.92912 	5.077891e-03 	
1850 	5.5e-09 	81745.42232 	5.077488e-03 	
1800 	5.5e-09 	81737.05158 	5.078008e-03 	
1848 	5.5e-09 	81796.21719 	5.074335e-03 	
288 	5.5e-09 	81669.21692 	5.082225e-03 	
1111 	5.5e-09 	81801.57763 	5.074002e-03 	
1188 	5.5e-09 	81839.29394 	5.071664e-03 	
728 	5.5e-09 	81874.23049 	5.069500e-03 	
1806 	5.5e-09 	81849.40515 	5.071037e-03 	
1181 	5.5e-09 	81800.99044 	5.074038e-03 	
595 	5.5e-09 	81876.23272 	5.069376e-03 	
995 	5.5e-09 	81877.20238 	5.069316e-03 	
707 	5.5e-09 	81880.98349 	5.069081e-03 	
1009 	5.5e-09 	81888.57305 	5.068612e-03 	
1016 	5.5e-09 	81892.85377 	5.068347e-03 	
581 	5.5e-09 	81913.11609 	5.067093e-03 	
93 	5.5e-09 	82023.68511 	5.060262e-03 	
1937 	5.5e-09 	82019.75036 	5.060505e-03 	
1078 	5.5e-09 	82057.28361 	5.058190e-03 	
370 	5.5e-09 	82036.37296 	5.059480e-03 	
1076 	5.5e-09 	82081.96805 	5.056669e-03 	
1724 	5.5e-09 	82074.29548 	5.057142e-03 	
1119 	5.5e-09 	82086.01078 	5.056420e-03 	
1569 	5.5e-09 	82118.98036 	5.054390e-03 	
1726 	5.5e-09 	82124.34629 	5.054060e-03 	
391 	5.5e-09 	82138.07616 	5.053215e-03 	
643 	5.5e-09 	81899.24336 	5.067951e-03 	
1399 	5.5e-09 	82151.6377 	5.052381e-03 	
1587 	5.5e-09 	82129.5414 	5.053740e-03 	
1410 	5.5e-09 	82179.89536 	5.050644e-03 	
1456 	5.5e-09 	82185.25174 	5.050315e-03 	
205 	5.5e-09 	82165.60648 	5.051522e-03 	
1582 	5.5e-09 	82201.61486 	5.049309e-03 	
1785 	5.5e-09 	82224.52868 	5.047902e-03 	
1790 	5.5e-09 	82215.44514 	5.048460e-03 	
1511 	5.5e-09 	81948.60535 	5.064899e-03 	
872 	5.5e-09 	82265.47953 	5.045389e-03 	
750 	5.5e-09 	82269.71152 	5.045130e-03 	
512 	5.5e-09 	82274.81813 	5.044817e-03 	
1458 	5.5e-09 	82313.64067 	5.042437e-03 	
1632 	5.5e-09 	82328.89529 	5.041503e-03 	
826 	5.5e-09 	82344.13915 	5.040570e-03 	
1447 	5.5e-09 	82344.08732 	5.040573e-03 	
1270 	5.5e-09 	82389.95709 	5.037767e-03 	
1325 	5.5e-09 	82346.07902 	5.040451e-03 	
1678 	5.5e-09 	82436.96595 	5.034894e-03 	
1314 	5.5e-09 	82405.68865 	5.036805e-03 	
1791 	5.5e-09 	82395.03959 	5.037456e-03 	
1412 	5.5e-09 	82494.15863 	5.031403e-03 	
329 	5.5e-09 	82477.3543 	5.032428e-03 	
82 	5.5e-09 	81970.64963 	5.063536e-03 	
150 	5.5e-09 	82496.66632 	5.031250e-03 	
155 	5.5e-09 	82507.22082 	5.030607e-03 	
381 	5.5e-09 	82315.89866 	5.042299e-03 	
503 	5.5e-09 	82509.51196 	5.030467e-03 	
468 	5.5e-09 	82518.89012 	5.029895e-03 	
295 	5.5e-09 	82522.73758 	5.029661e-03 	
1215 	5.5e-09 	82629.94476 	5.023135e-03 	
1099 	5.5e-09 	82584.18718 	5.025918e-03 	
665 	5.5e-09 	82675.60867 	5.020361e-03 	
638 	5.5e-09 	82678.26052 	5.020200e-03 	
1117 	5.5e-09 	82684.88521 	5.019797e-03 	
1163 	5.5e-09 	82693.41993 	5.019279e-03 	
439 	5.5e-09 	82680.01362 	5.020093e-03 	
1603 	5.5e-09 	82706.11697 	5.018509e-03 	
1610 	5.5e-09 	82712.86112 	5.018100e-03 	
684 	5.5e-09 	82723.08682 	5.017479e-03 	
558 	5.5e-09 	82739.44894 	5.016487e-03 	
670 	5.5e-09 	82729.05625 	5.017117e-03 	
547 	5.5e-09 	82741.10985 	5.016386e-03 	
659 	5.5e-09 	82752.49905 	5.015696e-03 	
681 	5.5e-09 	82812.62864 	5.012054e-03 	
1898 	5.5e-09 	82739.64618 	5.016475e-03 	
1216 	5.5e-09 	82783.45058 	5.013821e-03 	
57 	5.5e-09 	82758.15842 	5.015353e-03 	
1621 	5.5e-09 	82779.1254 	5.014083e-03 	
1672 	5.5e-09 	82746.95249 	5.016032e-03 	
1504 	5.5e-09 	82761.79931 	5.015132e-03 	
43 	5.5e-09 	82804.93947 	5.012519e-03 	
1616 	5.5e-09 	82860.6844 	5.009147e-03 	
38 	5.5e-09 	82810.56026 	5.012179e-03 	
1971 	5.5e-09 	82841.01856 	5.010336e-03 	
20 	5.5e-09 	82831.09327 	5.010937e-03 	
144 	5.5e-09 	82865.95077 	5.008829e-03 	
33 	5.5e-09 	82900.33986 	5.006751e-03 	
751 	5.5e-09 	82871.92698 	5.008468e-03 	
556 	5.5e-09 	82929.32511 	5.005001e-03 	
1240 	5.5e-09 	82922.47915 	5.005414e-03 	
164 	5.5e-09 	82986.75409 	5.001538e-03 	
1242 	5.5e-09 	82989.21389 	5.001389e-03 	
1548 	5.5e-09 	83006.76614 	5.000332e-03 	
1618 	5.5e-09 	82880.80756 	5.007931e-03 	
1783 	5.5e-09 	83012.66218 	4.999977e-03 	
686 	5.5e-09 	82971.87464 	5.002435e-03 	
1431 	5.5e-09 	83005.6893 	5.000397e-03 	
27 	5.5e-09 	83015.39728 	4.999812e-03 	
754 	5.5e-09 	83083.81398 	4.995695e-03 	
1353 	5.5e-09 	83065.59821 	4.996790e-03 	
625 	5.5e-09 	83050.2936 	4.997711e-03 	
1129 	5.5e-09 	83022.26542 	4.999398e-03 	
1660 	5.5e-09 	83100.64758 	4.994683e-03 	
166 	5.5e-09 	83098.52608 	4.994810e-03 	
623 	5.5e-09 	83118.15345 	4.993631e-03 	
36 	5.5e-09 	83149.16999 	4.991768e-03 	
1765 	5.5e-09 	83048.63629 	4.997811e-03 	
540 	5.5e-09 	83096.94507 	4.994905e-03 	
757 	5.5e-09 	83164.17859 	4.990867e-03 	
1245 	5.5e-09 	83192.2876 	4.989181e-03 	
1258 	5.5e-09 	83194.09872 	4.989072e-03 	
1319 	5.5e-09 	83256.76205 	4.985317e-03 	
141 	5.5e-09 	83246.28066 	4.985945e-03 	
1682 	5.5e-09 	83204.10551 	4.988472e-03 	
1685 	5.5e-09 	83200.57163 	4.988684e-03 	
311 	5.5e-09 	83260.7365 	4.985079e-03 	
1330 	5.5e-09 	83228.4927 	4.987011e-03 	
138 	5.5e-09 	83262.6458 	4.984965e-03 	
1261 	5.5e-09 	83264.34201 	4.984863e-03 	
510 	5.5e-09 	83306.66774 	4.982331e-03 	
1749 	5.5e-09 	83328.93515 	4.980999e-03 	
505 	5.5e-09 	83365.76396 	4.978799e-03 	
1055 	5.5e-09 	83368.77395 	4.978619e-03 	
1140 	5.5e-09 	83368.9591 	4.978608e-03 	
1812 	5.5e-09 	83321.79285 	4.981426e-03 	
1333 	5.5e-09 	83369.61369 	4.978569e-03 	
1002 	5.5e-09 	83442.79624 	4.974203e-03 	
620 	5.5e-09 	83445.17595 	4.974061e-03 	
645 	5.5e-09 	83446.50224 	4.973982e-03 	
432 	5.5e-09 	83457.80677 	4.973308e-03 	
1204 	5.5e-09 	83425.22333 	4.975250e-03 	
1247 	5.5e-09 	83430.20074 	4.974954e-03 	
531 	5.5e-09 	83474.63957 	4.972305e-03 	
663 	5.5e-09 	83476.23417 	4.972210e-03 	
462 	5.5e-09 	83506.45479 	4.970411e-03 	
1005 	5.5e-09 	83473.48618 	4.972374e-03 	
91 	5.5e-09 	83541.5302 	4.968324e-03 	
1328 	5.5e-09 	83521.22406 	4.969532e-03 	
1280 	5.5e-09 	83585.0957 	4.965734e-03 	
460 	5.5e-09 	83569.40276 	4.966667e-03 	
352 	5.5e-09 	83591.68191 	4.965343e-03 	
77 	5.5e-09 	83611.85316 	4.964145e-03 	
1933 	5.5e-09 	83621.1777 	4.963592e-03 	
1201 	5.5e-09 	83730.40509 	4.957116e-03 	
1438 	5.5e-09 	83759.22694 	4.955411e-03 	
120 	5.5e-09 	83998.11909 	4.941317e-03 	
72 	5.5e-09 	83907.22865 	4.946670e-03 	
307 	5.5e-09 	83990.29564 	4.941778e-03 	
799 	5.5e-09 	83663.82758 	4.961061e-03 	
1735 	5.5e-09 	84022.85373 	4.939863e-03 	
323 	5.5e-09 	84003.73582 	4.940987e-03 	
230 	5.5e-09 	83642.50883 	4.962326e-03 	
538 	5.5e-09 	83636.16142 	4.962702e-03 	
457 	5.5e-09 	83730.98013 	4.957082e-03 	
1019 	5.5e-09 	83780.52944 	4.954151e-03 	
74 	5.5e-09 	83740.35359 	4.956528e-03 	
827 	5.5e-09 	83860.28106 	4.949439e-03 	
1363 	5.5e-09 	83788.71651 	4.953667e-03 	
706 	5.5e-09 	83766.83742 	4.954961e-03 	
1083 	5.5e-09 	83707.20531 	4.958490e-03 	
1433 	5.5e-09 	83715.19229 	4.958017e-03 	
1 	5.5e-09 	83735.93427 	4.956789e-03 	
1598 	5.5e-09 	83788.32601 	4.953690e-03 	
1035 	5.5e-09 	83696.16248 	4.959145e-03 	
709 	5.5e-09 	84079.76472 	4.936519e-03 	
1930 	5.5e-09 	83712.71078 	4.958164e-03 	
1372 	5.5e-09 	84031.92288 	4.939330e-03 	
1878 	5.5e-09 	84086.90176 	4.936100e-03 	
371 	5.5e-09 	83874.65984 	4.948591e-03 	
704 	5.5e-09 	83649.36919 	4.961919e-03 	
687 	5.5e-09 	83840.41704 	4.950612e-03 	
225 	5.5e-09 	83651.95395 	4.961765e-03 	
1369 	5.5e-09 	83823.35434 	4.951620e-03 	
884 	5.5e-09 	83863.19217 	4.949268e-03 	
1874 	5.5e-09 	83895.69537 	4.947350e-03 	
1374 	5.5e-09 	83989.68785 	4.941813e-03 	
836 	5.5e-09 	84105.85092 	4.934988e-03 	
1206 	5.5e-09 	84068.97611 	4.937153e-03 	
268 	5.5e-09 	84020.20153 	4.940019e-03 	
1976 	5.5e-09 	84150.08889 	4.932394e-03 	
1048 	5.5e-09 	83979.59338 	4.942407e-03 	
1315 	5.5e-09 	83953.17153 	4.943963e-03 	
1667 	5.5e-09 	84067.74135 	4.937225e-03 	
1455 	5.5e-09 	84161.83599 	4.931705e-03 	
1883 	5.5e-09 	83921.22749 	4.945845e-03 	
271 	5.5e-09 	83908.98574 	4.946566e-03 	
1272 	5.5e-09 	84178.48726 	4.930730e-03 	
838 	5.5e-09 	84199.05776 	4.929525e-03 	
1593 	5.5e-09 	83945.55158 	4.944412e-03 	
833 	5.5e-09 	83992.82129 	4.941629e-03 	
772 	5.5e-09 	84245.74419 	4.926793e-03 	
1153 	5.5e-09 	84224.11579 	4.928059e-03 	
416 	5.5e-09 	84222.51514 	4.928152e-03 	
1912 	5.5e-09 	84284.58031 	4.924523e-03 	
1981 	5.5e-09 	84271.87698 	4.925266e-03 	
697 	5.5e-09 	84290.03179 	4.924205e-03 	
1876 	5.5e-09 	84367.60237 	4.919677e-03 	
941 	5.5e-09 	84317.26436 	4.922614e-03 	
1596 	5.5e-09 	84352.5722 	4.920554e-03 	
1743 	5.5e-09 	84380.27173 	4.918939e-03 	
1522 	5.5e-09 	84306.40932 	4.923248e-03 	
1525 	5.5e-09 	84352.70244 	4.920546e-03 	
1518 	5.5e-09 	84405.29163 	4.917480e-03 	
792 	5.5e-09 	84401.54402 	4.917699e-03 	
1892 	5.5e-09 	84371.94704 	4.919424e-03 	
1158 	5.5e-09 	84368.54876 	4.919622e-03 	
421 	5.5e-09 	84434.99706 	4.915750e-03 	
1600 	5.5e-09 	84346.31187 	4.920919e-03 	
398 	5.5e-09 	84481.15535 	4.913065e-03 	
463 	5.5e-09 	84503.61804 	4.911759e-03 	
250 	5.5e-09 	84498.43005 	4.912060e-03 	
1226 	5.5e-09 	84441.36536 	4.915380e-03 	
1388 	5.5e-09 	84540.71827 	4.909603e-03 	
405 	5.5e-09 	84519.64039 	4.910827e-03 	
1978 	5.5e-09 	84579.85994 	4.907331e-03 	
599 	5.5e-09 	84613.57282 	4.905376e-03 	
897 	5.5e-09 	84629.61475 	4.904446e-03 	
402 	5.5e-09 	84646.17083 	4.903487e-03 	
1507 	5.5e-09 	84648.17311 	4.903371e-03 	
902 	5.5e-09 	84653.04505 	4.903089e-03 	
763 	5.5e-09 	84631.2151 	4.904353e-03 	
960 	5.5e-09 	84661.03303 	4.902626e-03 	
1899 	5.5e-09 	84672.75528 	4.901947e-03 	
743 	5.5e-09 	84727.53466 	4.898778e-03 	
925 	5.5e-09 	84717.35017 	4.899367e-03 	
15 	5.5e-09 	84735.69584 	4.898306e-03 	
1496 	5.5e-09 	84718.39919 	4.899306e-03 	
852 	5.5e-09 	84748.98978 	4.897538e-03 	
810 	5.5e-09 	84778.92961 	4.895808e-03 	
1671 	5.5e-09 	84781.24935 	4.895674e-03 	
418 	5.5e-09 	84794.33658 	4.894919e-03 	
289 	5.5e-09 	84791.02036 	4.895110e-03 	
1888 	5.5e-09 	84797.78636 	4.894719e-03 	
964 	5.5e-09 	84818.80453 	4.893507e-03 	
1849 	5.5e-09 	84905.07476 	4.888534e-03 	
485 	5.5e-09 	84876.06375 	4.890205e-03 	
1965 	5.5e-09 	84903.19103 	4.888643e-03 	
727 	5.5e-09 	84878.90805 	4.890041e-03 	
1650 	5.5e-09 	85006.25011 	4.882716e-03 	
1178 	5.5e-09 	84968.21946 	4.884901e-03 	
1500 	5.5e-09 	84958.21769 	4.885476e-03 	
813 	5.5e-09 	85011.80512 	4.882397e-03 	
293 	5.5e-09 	85049.35716 	4.880241e-03 	
582 	5.5e-09 	85034.36924 	4.881101e-03 	
1185 	5.5e-09 	85022.38369 	4.881789e-03 	
1379 	5.5e-09 	85074.75892 	4.878784e-03 	
1308 	5.5e-09 	85100.98466 	4.877280e-03 	
1853 	5.5e-09 	85102.23884 	4.877209e-03 	
254 	5.5e-09 	85069.80705 	4.879068e-03 	
722 	5.5e-09 	85067.81474 	4.879182e-03 	
499 	5.5e-09 	85126.52178 	4.875817e-03 	
106 	5.5e-09 	85127.78207 	4.875745e-03 	
8 	5.5e-09 	85133.0327 	4.875444e-03 	
1077 	5.5e-09 	85151.87134 	4.874366e-03 	
1514 	5.5e-09 	84804.52695 	4.894330e-03 	
1014 	5.5e-09 	85155.38323 	4.874165e-03 	
492 	5.5e-09 	85166.69894 	4.873517e-03 	
88 	5.5e-09 	85214.01896 	4.870811e-03 	
966 	5.5e-09 	85430.07814 	4.858492e-03 	
843 	5.5e-09 	85600.22108 	4.848835e-03 	
1265 	5.5e-09 	85562.29406 	4.850985e-03 	
1413 	5.5e-09 	85509.96586 	4.853953e-03 	
1073 	5.5e-09 	85567.01774 	4.850717e-03 	
745 	5.5e-09 	85449.88875 	4.857366e-03 	
380 	5.5e-09 	85382.27969 	4.861212e-03 	
330 	5.5e-09 	85605.68668 	4.848526e-03 	
575 	5.5e-09 	85345.06405 	4.863332e-03 	
1486 	5.5e-09 	85539.55747 	4.852274e-03 	
1502 	5.5e-09 	85383.07495 	4.861167e-03 	
355 	5.5e-09 	85324.86522 	4.864483e-03 	
1942 	5.5e-09 	85176.24407 	4.872971e-03 	
578 	5.5e-09 	85356.45606 	4.862683e-03 	
1751 	5.5e-09 	85505.19541 	4.854224e-03 	
855 	5.5e-09 	85439.96114 	4.857930e-03 	
1010 	5.5e-09 	85645.96522 	4.846245e-03 	
808 	5.5e-09 	85555.67795 	4.851360e-03 	
200 	5.5e-09 	85654.97741 	4.845736e-03 	
1552 	5.5e-09 	85298.83563 	4.865968e-03 	
303 	5.5e-09 	85425.95153 	4.858727e-03 	
1301 	5.5e-09 	85380.19553 	4.861331e-03 	
1835 	5.5e-09 	85675.9934 	4.844547e-03 	
204 	5.5e-09 	85226.42959 	4.870102e-03 	
921 	5.5e-09 	85252.96256 	4.868586e-03 	
376 	5.5e-09 	85667.32949 	4.845037e-03 	
1673 	5.5e-09 	85684.9984 	4.844038e-03 	
870 	5.5e-09 	85687.4111 	4.843901e-03 	
1481 	5.5e-09 	85693.60648 	4.843551e-03 	
576 	5.5e-09 	85691.60141 	4.843665e-03 	
1561 	5.5e-09 	85711.41686 	4.842545e-03 	
399 	5.5e-09 	85741.5858 	4.840841e-03 	
145 	5.5e-09 	85776.21114 	4.838887e-03 	
987 	5.5e-09 	85748.35457 	4.840459e-03 	
1118 	5.5e-09 	85761.41165 	4.839722e-03 	
258 	5.5e-09 	85790.75713 	4.838066e-03 	
304 	5.5e-09 	85782.29166 	4.838544e-03 	
1423 	5.5e-09 	85806.57424 	4.837174e-03 	
1607 	5.5e-09 	85290.08917 	4.866467e-03 	
478 	5.5e-09 	85833.44338 	4.835660e-03 	
1409 	5.5e-09 	85817.71715 	4.836546e-03 	
557 	5.5e-09 	85857.55082 	4.834302e-03 	
202 	5.5e-09 	85817.10364 	4.836581e-03 	
680 	5.5e-09 	85824.42187 	4.836169e-03 	
1475 	5.5e-09 	85901.98942 	4.831802e-03 	
711 	5.5e-09 	85877.35796 	4.833187e-03 	
1617 	5.5e-09 	85874.93457 	4.833324e-03 	
1721 	5.5e-09 	85857.8526 	4.834286e-03 	
1622 	5.5e-09 	85923.98167 	4.830565e-03 	
334 	5.5e-09 	85861.8706 	4.834059e-03 	
1128 	5.5e-09 	85896.44071 	4.832114e-03 	
67 	5.5e-09 	85892.77333 	4.832320e-03 	
1990 	5.5e-09 	85894.33349 	4.832232e-03 	
624 	5.5e-09 	85926.64825 	4.830415e-03 	
34 	5.5e-09 	85927.23822 	4.830382e-03 	
736 	5.5e-09 	85878.35834 	4.833131e-03 	
1636 	5.5e-09 	85948.97851 	4.829160e-03 	
37 	5.5e-09 	86011.43094 	4.825654e-03 	
1915 	5.5e-09 	85957.74373 	4.828668e-03 	
1244 	5.5e-09 	86043.56193 	4.823852e-03 	
261 	5.5e-09 	86113.58608 	4.819929e-03 	
1445 	5.5e-09 	86124.69699 	4.819307e-03 	
243 	5.5e-09 	86133.98981 	4.818787e-03 	
553 	5.5e-09 	86133.9111 	4.818792e-03 	
1395 	5.5e-09 	86138.2911 	4.818547e-03 	
781 	5.5e-09 	86174.52374 	4.816521e-03 	
1748 	5.5e-09 	86204.22563 	4.814861e-03 	
1442 	5.5e-09 	86268.49567 	4.811274e-03 	
1771 	5.5e-09 	86245.02721 	4.812583e-03 	
1951 	5.5e-09 	86162.82541 	4.817175e-03 	
1356 	5.5e-09 	86225.02263 	4.813700e-03 	
1114 	5.5e-09 	86147.05094 	4.818057e-03 	
957 	5.5e-09 	86279.29453 	4.810672e-03 	
1905 	5.5e-09 	86210.22119 	4.814526e-03 	
1762 	5.5e-09 	86329.81403 	4.807857e-03 	
1461 	5.5e-09 	86270.19967 	4.811179e-03 	
999 	5.5e-09 	86353.66084 	4.806529e-03 	
1334 	5.5e-09 	86303.80132 	4.809306e-03 	
1107 	5.5e-09 	86349.27717 	4.806773e-03 	
1860 	5.5e-09 	86333.61473 	4.807645e-03 	
149 	5.5e-09 	86364.11157 	4.805947e-03 	
1329 	5.5e-09 	86347.929 	4.806848e-03 	
1251 	5.5e-09 	86368.75494 	4.805689e-03 	
1995 	5.5e-09 	86391.66932 	4.804414e-03 	
669 	5.5e-09 	86373.9417 	4.805400e-03 	
1677 	5.5e-09 	86430.06506 	4.802280e-03 	
348 	5.5e-09 	86412.91619 	4.803233e-03 	
1532 	5.5e-09 	86449.91097 	4.801178e-03 	
954 	5.5e-09 	86469.48624 	4.800091e-03 	
456 	5.5e-09 	86525.19593 	4.797000e-03 	
767 	5.5e-09 	86483.83613 	4.799294e-03 	
891 	5.5e-09 	86471.05503 	4.800004e-03 	
1744 	5.5e-09 	86543.82537 	4.795967e-03 	
1132 	5.5e-09 	86542.95854 	4.796016e-03 	
543 	5.5e-09 	86553.12615 	4.795452e-03 	
904 	5.5e-09 	86559.37722 	4.795106e-03 	
332 	5.5e-09 	86550.06973 	4.795621e-03 	
1112 	5.5e-09 	86577.79095 	4.794086e-03 	
1406 	5.5e-09 	86609.55993 	4.792327e-03 	
1692 	5.5e-09 	86631.99459 	4.791086e-03 	
642 	5.5e-09 	86641.51681 	4.790560e-03 	
437 	5.5e-09 	86629.84255 	4.791205e-03 	
758 	5.5e-09 	86747.16098 	4.784726e-03 	
73 	5.5e-09 	86742.96859 	4.784957e-03 	
1910 	5.5e-09 	86638.92289 	4.790703e-03 	
708 	5.5e-09 	86748.26224 	4.784665e-03 	
592 	5.5e-09 	86750.24641 	4.784556e-03 	
1200 	5.5e-09 	86571.63715 	4.794427e-03 	
1627 	5.5e-09 	86801.68333 	4.781720e-03 	
1023 	5.5e-09 	86627.26884 	4.791348e-03 	
628 	5.5e-09 	86804.39315 	4.781571e-03 	
423 	5.5e-09 	86838.12675 	4.779714e-03 	
1195 	5.5e-09 	86771.67302 	4.783374e-03 	
78 	5.5e-09 	86872.52868 	4.777821e-03 	
1373 	5.5e-09 	86910.45505 	4.775736e-03 	
1419 	5.5e-09 	86909.83437 	4.775770e-03 	
1594 	5.5e-09 	86886.52364 	4.777051e-03 	
218 	5.5e-09 	86913.10939 	4.775590e-03 	
613 	5.5e-09 	86871.50615 	4.777877e-03 	
161 	5.5e-09 	86868.34162 	4.778051e-03 	
1705 	5.5e-09 	86911.74964 	4.775665e-03 	
666 	5.5e-09 	86963.99156 	4.772796e-03 	
1818 	5.5e-09 	86914.28947 	4.775525e-03 	
1597 	5.5e-09 	86985.83475 	4.771597e-03 	
1370 	5.5e-09 	86998.374 	4.770910e-03 	
11 	5.5e-09 	87006.75675 	4.770450e-03 	
982 	5.5e-09 	87064.00381 	4.767313e-03 	
837 	5.5e-09 	87039.8206 	4.768638e-03 	
1262 	5.5e-09 	87032.46805 	4.769041e-03 	
940 	5.5e-09 	87063.05626 	4.767365e-03 	
1199 	5.5e-09 	87010.27707 	4.770257e-03 	
1060 	5.5e-09 	87069.65753 	4.767004e-03 	
834 	5.5e-09 	87086.24056 	4.766096e-03 	
1766 	5.5e-09 	87091.14466 	4.765827e-03 	
875 	5.5e-09 	87087.55062 	4.766024e-03 	
16 	5.5e-09 	87113.59883 	4.764599e-03 	
587 	5.5e-09 	87130.4867 	4.763676e-03 	
1544 	5.5e-09 	87140.85519 	4.763109e-03 	
221 	5.5e-09 	87154.92677 	4.762340e-03 	
2 	5.5e-09 	87185.83559 	4.760651e-03 	
1639 	5.5e-09 	87191.89179 	4.760321e-03 	
361 	5.5e-09 	87180.89689 	4.760921e-03 	
1710 	5.5e-09 	87204.88159 	4.759612e-03 	
1863 	5.5e-09 	87221.55028 	4.758702e-03 	
515 	5.5e-09 	87209.12001 	4.759380e-03 	
977 	5.5e-09 	87236.48333 	4.757887e-03 	
1746 	5.5e-09 	87242.94658 	4.757535e-03 	
1877 	5.5e-09 	87111.87852 	4.764693e-03 	
631 	5.5e-09 	87139.6244 	4.763176e-03 	
1980 	5.5e-09 	87192.74579 	4.760274e-03 	
6 	5.5e-09 	87256.14937 	4.756815e-03 	
1555 	5.5e-09 	87266.80433 	4.756234e-03 	
610 	5.5e-09 	87259.14028 	4.756652e-03 	
1424 	5.5e-09 	87311.28922 	4.753811e-03 	
420 	5.5e-09 	87292.17695 	4.754852e-03 	
447 	5.5e-09 	87365.39511 	4.750867e-03 	
753 	5.5e-09 	87335.73822 	4.752480e-03 	
1046 	5.5e-09 	87402.31174 	4.748860e-03 	
1096 	5.5e-09 	87418.29088 	4.747992e-03 	
1821 	5.5e-09 	87449.87862 	4.746277e-03 	
526 	5.5e-09 	87360.68149 	4.751123e-03 	
1929 	5.5e-09 	87496.74106 	4.743735e-03 	
506 	5.5e-09 	87354.00631 	4.751486e-03 	
1832 	5.5e-09 	87527.80984 	4.742051e-03 	
232 	5.5e-09 	87495.22988 	4.743817e-03 	
1087 	5.5e-09 	87560.98668 	4.740255e-03 	
1122 	5.5e-09 	87382.17439 	4.749955e-03 	
1063 	5.5e-09 	87577.81131 	4.739344e-03 	
996 	5.5e-09 	87611.15935 	4.737540e-03 	
240 	5.5e-09 	87653.34647 	4.735260e-03 	
591 	5.5e-09 	87593.06315 	4.738519e-03 	
702 	5.5e-09 	87580.30956 	4.739209e-03 	
366 	5.5e-09 	87702.8979 	4.732584e-03 	
698 	5.5e-09 	87701.04199 	4.732685e-03 	
124 	5.5e-09 	87724.19808 	4.731435e-03 	
177 	5.5e-09 	87713.65059 	4.732004e-03 	
48 	5.5e-09 	87730.04979 	4.731120e-03 	
1257 	5.5e-09 	87753.73757 	4.729843e-03 	
411 	5.5e-09 	87725.32046 	4.731375e-03 	
52 	5.5e-09 	87753.85371 	4.729836e-03 	
1776 	5.5e-09 	87798.0576 	4.727455e-03 	
1041 	5.5e-09 	87811.16493 	4.726749e-03 	
1225 	5.5e-09 	87768.01271 	4.729073e-03 	
572 	5.5e-09 	87789.82409 	4.727898e-03 	
521 	5.5e-09 	87835.67496 	4.725430e-03 	
1229 	5.5e-09 	87768.75371 	4.729033e-03 	
1287 	5.5e-09 	87819.11589 	4.726321e-03 	
880 	5.5e-09 	87872.35129 	4.723458e-03 	
529 	5.5e-09 	87877.95658 	4.723157e-03 	
1768 	5.5e-09 	87823.30577 	4.726096e-03 	
814 	5.5e-09 	87858.09539 	4.724225e-03 	
1730 	5.5e-09 	87908.61021 	4.721510e-03 	
691 	5.5e-09 	87885.84503 	4.722733e-03 	
915 	5.5e-09 	87856.95489 	4.724286e-03 	
182 	5.5e-09 	87960.14333 	4.718744e-03 	
1033 	5.5e-09 	87993.06588 	4.716978e-03 	
809 	5.5e-09 	87969.25871 	4.718255e-03 	
1463 	5.5e-09 	87895.7204 	4.722202e-03 	
95 	5.5e-09 	87967.79732 	4.718333e-03 	
294 	5.5e-09 	88042.33932 	4.714338e-03 	
1157 	5.5e-09 	87993.19894 	4.716971e-03 	
459 	5.5e-09 	88156.74454 	4.708220e-03 	
1843 	5.5e-09 	88122.00466 	4.710076e-03 	
1966 	5.5e-09 	88171.73382 	4.707420e-03 	
1854 	5.5e-09 	88176.43979 	4.707169e-03 	
1797 	5.5e-09 	88176.86022 	4.707146e-03 	
1733 	5.5e-09 	88211.52616 	4.705296e-03 	
276 	5.5e-09 	88216.06038 	4.705055e-03 	
1934 	5.5e-09 	88270.40805 	4.702158e-03 	
509 	5.5e-09 	88244.77773 	4.703523e-03 	
879 	5.5e-09 	88300.29357 	4.700566e-03 	
577 	5.5e-09 	88289.79438 	4.701125e-03 	
127 	5.5e-09 	88307.0295 	4.700208e-03 	
1962 	5.5e-09 	88282.8021 	4.701497e-03 	
1811 	5.5e-09 	88312.12883 	4.699936e-03 	
187 	5.5e-09 	88321.59737 	4.699432e-03 	
1190 	5.5e-09 	88343.222 	4.698282e-03 	
1020 	5.5e-09 	88339.8534 	4.698461e-03 	
105 	5.5e-09 	88390.54339 	4.695767e-03 	
1775 	5.5e-09 	88389.94415 	4.695799e-03 	
1451 	5.5e-09 	88399.29047 	4.695302e-03 	
1074 	5.5e-09 	88405.26751 	4.694985e-03 	
55 	5.5e-09 	88423.12012 	4.694037e-03 	
1649 	5.5e-09 	88439.64465 	4.693160e-03 	
725 	5.5e-09 	88359.12094 	4.697437e-03 	
374 	5.5e-09 	88449.39963 	4.692642e-03 	
467 	5.5e-09 	88369.76438 	4.696871e-03 	
1720 	5.5e-09 	88443.97313 	4.692930e-03 	
132 	5.5e-09 	88519.08746 	4.688948e-03 	
1175 	5.5e-09 	88502.10441 	4.689847e-03 	
1923 	5.5e-09 	88538.55327 	4.687917e-03 	
1186 	5.5e-09 	88494.66063 	4.690242e-03 	
401 	5.5e-09 	88599.3112 	4.684702e-03 	
167 	5.5e-09 	88610.24785 	4.684124e-03 	
1653 	5.5e-09 	88630.88709 	4.683033e-03 	
1149 	5.5e-09 	88636.06609 	4.682759e-03 	
1503 	5.5e-09 	88623.31768 	4.683433e-03 	
1580 	5.5e-09 	88648.92867 	4.682080e-03 	
1460 	5.5e-09 	88634.07893 	4.682864e-03 	
1168 	5.5e-09 	88651.87058 	4.681925e-03 	
191 	5.5e-09 	88659.2686 	4.681534e-03 	
1384 	5.5e-09 	88666.76185 	4.681138e-03 	
1517 	5.5e-09 	88693.14259 	4.679746e-03 	
721 	5.5e-09 	88697.04072 	4.679540e-03 	
1284 	5.5e-09 	88725.49575 	4.678039e-03 	
103 	5.5e-09 	88805.5559 	4.673822e-03 	
1154 	5.5e-09 	88729.1245 	4.677848e-03 	
285 	5.5e-09 	88853.82648 	4.671283e-03 	
109 	5.5e-09 	88839.12799 	4.672056e-03 	
648 	5.5e-09 	88876.54619 	4.670089e-03 	
1482 	5.5e-09 	88899.60942 	4.668877e-03 	
279 	5.5e-09 	88945.8573 	4.666450e-03 	
1316 	5.5e-09 	88958.60458 	4.665781e-03 	
1298 	5.5e-09 	88933.17449 	4.667115e-03 	
824 	5.5e-09 	88888.72703 	4.669449e-03 	
333 	5.5e-09 	88907.19513 	4.668479e-03 	
1576 	5.5e-09 	88922.83643 	4.667658e-03 	
828 	5.5e-09 	88968.40292 	4.665267e-03 	
1051 	5.5e-09 	88995.33738 	4.663855e-03 	
1339 	5.5e-09 	89012.99253 	4.662930e-03 	
1944 	5.5e-09 	89002.30076 	4.663490e-03 	
652 	5.5e-09 	89001.94288 	4.663509e-03 	
1113 	5.5e-09 	89052.33977 	4.660870e-03 	
1562 	5.5e-09 	89059.54373 	4.660493e-03 	
1312 	5.5e-09 	89065.03898 	4.660205e-03 	
267 	5.5e-09 	89075.61878 	4.659652e-03 	
1172 	5.5e-09 	89098.19249 	4.658471e-03 	
796 	5.5e-09 	89103.69287 	4.658184e-03 	
135 	5.5e-09 	89099.10436 	4.658424e-03 	
789 	5.5e-09 	89109.22816 	4.657894e-03 	
634 	5.5e-09 	89111.09645 	4.657797e-03 	
1302 	5.5e-09 	89126.13523 	4.657011e-03 	
803 	5.5e-09 	89114.787 	4.657604e-03 	
249 	5.5e-09 	89141.16489 	4.656226e-03 	
1902 	5.5e-09 	89181.75209 	4.654106e-03 	
786 	5.5e-09 	89193.74291 	4.653481e-03 	
554 	5.5e-09 	89171.64378 	4.654634e-03 	
1508 	5.5e-09 	89202.54942 	4.653021e-03 	
1699 	5.5e-09 	89224.49696 	4.651877e-03 	
1948 	5.5e-09 	89237.21993 	4.651214e-03 	
865 	5.5e-09 	89219.47237 	4.652139e-03 	
473 	5.5e-09 	89263.06601 	4.649867e-03 	
926 	5.5e-09 	89269.17577 	4.649549e-03 	
477 	5.5e-09 	89144.90935 	4.656030e-03 	
1485 	5.5e-09 	89274.32635 	4.649280e-03 	
1985 	5.5e-09 	89288.69379 	4.648532e-03 	
262 	5.5e-09 	89319.14186 	4.646948e-03 	
1146 	5.5e-09 	89271.91353 	4.649406e-03 	
1989 	5.5e-09 	89332.09345 	4.646274e-03 	
1839 	5.5e-09 	89372.37875 	4.644180e-03 	
160 	5.5e-09 	89336.53402 	4.646043e-03 	
1804 	5.5e-09 	89375.76893 	4.644003e-03 	
308 	5.5e-09 	89337.65334 	4.645985e-03 	
1537 	5.5e-09 	89376.70053 	4.643955e-03 	
1382 	5.5e-09 	89398.53537 	4.642821e-03 	
408 	5.5e-09 	89484.27894 	4.638372e-03 	
1909 	5.5e-09 	89493.42347 	4.637898e-03 	
1566 	5.5e-09 	89435.71952 	4.640890e-03 	
771 	5.5e-09 	89517.44421 	4.636654e-03 	
1377 	5.5e-09 	89523.50432 	4.636340e-03 	
1542 	5.5e-09 	89542.64576 	4.635349e-03 	
760 	5.5e-09 	89536.23602 	4.635680e-03 	
963 	5.5e-09 	89550.07296 	4.634964e-03 	
1031 	5.5e-09 	89578.0356 	4.633517e-03 	
406 	5.5e-09 	89586.889 	4.633059e-03 	
1013 	5.5e-09 	89605.95257 	4.632074e-03 	
1103 	5.5e-09 	89610.91989 	4.631817e-03 	
351 	5.5e-09 	89566.51404 	4.634113e-03 	
1499 	5.5e-09 	89612.75164 	4.631722e-03 	
847 	5.5e-09 	89617.00141 	4.631503e-03 	
1441 	5.5e-09 	89623.39159 	4.631172e-03 	
696 	5.5e-09 	89630.2383 	4.630819e-03 	
1414 	5.5e-09 	89633.55914 	4.630647e-03 	
869 	5.5e-09 	89636.80924 	4.630479e-03 	
1663 	5.5e-09 	89649.35853 	4.629831e-03 	
1207 	5.5e-09 	89632.51185 	4.630701e-03 	
1535 	5.5e-09 	89698.9732 	4.627270e-03 	
1024 	5.5e-09 	89721.23412 	4.626122e-03 	
1856 	5.5e-09 	89720.70332 	4.626149e-03 	
953 	5.5e-09 	89673.54726 	4.628582e-03 	
99 	5.5e-09 	89734.40346 	4.625443e-03 	
1999 	5.5e-09 	89783.97509 	4.622889e-03 	
778 	5.5e-09 	89795.96182 	4.622272e-03 	
1601 	5.5e-09 	89800.93586 	4.622016e-03 	
500 	5.5e-09 	89802.84029 	4.621918e-03 	
344 	5.5e-09 	89891.04302 	4.617383e-03 	
908 	5.5e-09 	89930.82562 	4.615340e-03 	
299 	5.5e-09 	89937.43017 	4.615001e-03 	
782 	5.5e-09 	89980.43172 	4.612796e-03 	
388 	5.5e-09 	90002.60898 	4.611659e-03 	
415 	5.5e-09 	90017.31111 	4.610906e-03 	
596 	5.5e-09 	90020.16255 	4.610760e-03 	
257 	5.5e-09 	90021.09887 	4.610712e-03 	
1955 	5.5e-09 	90055.14481 	4.608969e-03 	
1293 	5.5e-09 	90039.88107 	4.609750e-03 	
1405 	5.5e-09 	90064.50735 	4.608490e-03 	
958 	5.5e-09 	90091.14189 	4.607127e-03 	
1906 	5.5e-09 	90087.71201 	4.607303e-03 	
434 	5.5e-09 	90079.19905 	4.607738e-03 	
1822 	5.5e-09 	90112.87577 	4.606016e-03 	
438 	5.5e-09 	90093.84053 	4.606989e-03 	
1709 	5.5e-09 	90178.03212 	4.602688e-03 	
1688 	5.5e-09 	90260.89016 	4.598463e-03 	
1920 	5.5e-09 	90144.41912 	4.604405e-03 	
1290 	5.5e-09 	90145.57072 	4.604346e-03 	
1723 	5.5e-09 	90273.54543 	4.597818e-03 	
50 	5.5e-09 	90267.93646 	4.598104e-03 	
222 	5.5e-09 	90294.47858 	4.596753e-03 	
1446 	5.5e-09 	90125.4586 	4.605373e-03 	
947 	5.5e-09 	90302.23377 	4.596358e-03 	
443 	5.5e-09 	90320.22553 	4.595442e-03 	
146 	5.5e-09 	90414.49202 	4.590651e-03 	
384 	5.5e-09 	90403.00518 	4.591234e-03 	
1401 	5.5e-09 	90390.19459 	4.591885e-03 	
894 	5.5e-09 	90414.6163 	4.590645e-03 	
889 	5.5e-09 	90433.07186 	4.589708e-03 	
23 	5.5e-09 	90443.74077 	4.589166e-03 	
1642 	5.5e-09 	90447.4784 	4.588977e-03 	
114 	5.5e-09 	90499.33206 	4.586347e-03 	
1706 	5.5e-09 	90501.42599 	4.586241e-03 	
1528 	5.5e-09 	90525.32968 	4.585030e-03 	
1645 	5.5e-09 	90538.36005 	4.584370e-03 	
609 	5.5e-09 	90618.0126 	4.580341e-03 	
1674 	5.5e-09 	90622.81593 	4.580098e-03 	
365 	5.5e-09 	90531.86734 	4.584699e-03 	
156 	5.5e-09 	90624.2428 	4.580026e-03 	
117 	5.5e-09 	90670.01814 	4.577714e-03 	
1056 	5.5e-09 	90632.75258 	4.579596e-03 	
1143 	5.5e-09 	90759.41249 	4.573205e-03 	
1815 	5.5e-09 	90755.29249 	4.573412e-03 	
1125 	5.5e-09 	90766.41822 	4.572852e-03 	
967 	5.5e-09 	90778.56991 	4.572240e-03 	
1307 	5.5e-09 	90826.38075 	4.569833e-03 	
768 	5.5e-09 	90844.39653 	4.568927e-03 	
5 	5.5e-09 	90917.04296 	4.565276e-03 	
1164 	5.5e-09 	90928.23273 	4.564714e-03 	
1578 	5.5e-09 	90945.87773 	4.563828e-03 	
660 	5.5e-09 	90942.32337 	4.564007e-03 	
522 	5.5e-09 	90970.65376 	4.562585e-03 	
992 	5.5e-09 	90944.09107 	4.563918e-03 	
544 	5.5e-09 	91053.62565 	4.558428e-03 	
683 	5.5e-09 	90863.97035 	4.567942e-03 	
853 	5.5e-09 	91124.01426 	4.554907e-03 	
217 	5.5e-09 	90713.69072 	4.575510e-03 	
978 	5.5e-09 	90664.9601 	4.577969e-03 	
1184 	5.5e-09 	90739.06957 	4.574230e-03 	
1428 	5.5e-09 	90685.98565 	4.576908e-03 	
1817 	5.5e-09 	90726.64743 	4.574856e-03 	
1100 	5.5e-09 	90960.44391 	4.563097e-03 	
47 	5.5e-09 	91142.65842 	4.553975e-03 	
310 	5.5e-09 	91135.35013 	4.554340e-03 	
25 	5.5e-09 	90935.10806 	4.564369e-03 	
394 	5.5e-09 	91188.78572 	4.551671e-03 	
30 	5.5e-09 	91060.30671 	4.558093e-03 	
163 	5.5e-09 	91231.51173 	4.549540e-03 	
89 	5.5e-09 	91239.96036 	4.549118e-03 	
181 	5.5e-09 	91244.38914 	4.548897e-03 	
362 	5.5e-09 	91259.23612 	4.548157e-03 	
981 	5.5e-09 	91273.01335 	4.547471e-03 	
701 	5.5e-09 	91285.12117 	4.546868e-03 	
731 	5.5e-09 	91301.45106 	4.546054e-03 	
534 	5.5e-09 	91301.57133 	4.546049e-03 	
1230 	5.5e-09 	91309.0077 	4.545678e-03 	
1042 	5.5e-09 	91330.85728 	4.544591e-03 	
1604 	5.5e-09 	91310.90563 	4.545584e-03 	
1167 	5.5e-09 	91336.75688 	4.544297e-03 	
1734 	5.5e-09 	91341.13017 	4.544080e-03 	
1248 	5.5e-09 	91402.84259 	4.541012e-03 	
1964 	5.5e-09 	91393.48012 	4.541477e-03 	
1761 	5.5e-09 	91305.07723 	4.545874e-03 	
170 	5.5e-09 	91451.74209 	4.538584e-03 	
1444 	5.5e-09 	91451.22147 	4.538609e-03 	
536 	5.5e-09 	91427.53354 	4.539785e-03 	
1038 	5.5e-09 	91415.43032 	4.540386e-03 	
568 	5.5e-09 	91462.82359 	4.538034e-03 	
1836 	5.5e-09 	91508.62289 	4.535762e-03 	
1753 	5.5e-09 	91490.25951 	4.536673e-03 	
1276 	5.5e-09 	91518.22585 	4.535286e-03 	
848 	5.5e-09 	91538.10272 	4.534302e-03 	
1659 	5.5e-09 	91539.29884 	4.534242e-03 	
395 	5.5e-09 	91584.72002 	4.531994e-03 	
614 	5.5e-09 	91564.13711 	4.533012e-03 	
1794 	5.5e-09 	91649.74246 	4.528778e-03 	
1203 	5.5e-09 	91625.29845 	4.529987e-03 	
1182 	5.5e-09 	91648.07362 	4.528861e-03 	
973 	5.5e-09 	91682.19717 	4.527175e-03 	
481 	5.5e-09 	91691.52117 	4.526715e-03 	
775 	5.5e-09 	91732.93739 	4.524671e-03 	
1780 	5.5e-09 	91766.40634 	4.523021e-03 	
1961 	5.5e-09 	91713.08018 	4.525651e-03 	
1695 	5.5e-09 	91693.02145 	4.526641e-03 	
178 	5.5e-09 	91805.69003 	4.521085e-03 	
525 	5.5e-09 	91877.33754 	4.517560e-03 	
1729 	5.5e-09 	91823.2879 	4.520219e-03 	
830 	5.5e-09 	91815.77842 	4.520589e-03 	
1059 	5.5e-09 	91885.93766 	4.517137e-03 	
1304 	5.5e-09 	91913.2637 	4.515794e-03 	
12 	5.5e-09 	91877.88378 	4.517533e-03 	
1938 	5.5e-09 	91989.88773 	4.512033e-03 	
236 	5.5e-09 	91832.58015 	4.519762e-03 	
369 	5.5e-09 	91916.49164 	4.515635e-03 	
1887 	5.5e-09 	91993.91697 	4.511835e-03 	
349 	5.5e-09 	92047.6005 	4.509204e-03 	
1416 	5.5e-09 	92061.26615 	4.508534e-03 	
1714 	5.5e-09 	92079.327 	4.507650e-03 	
1139 	5.5e-09 	92063.23629 	4.508438e-03 	
1556 	5.5e-09 	92004.53778 	4.511314e-03 	
128 	5.5e-09 	92082.25791 	4.507506e-03 	
1844 	5.5e-09 	92031.84491 	4.509976e-03 	
1080 	5.5e-09 	92136.67438 	4.504844e-03 	
110 	5.5e-09 	92148.52551 	4.504265e-03 	
695 	5.5e-09 	92111.51808 	4.506075e-03 	
1786 	5.5e-09 	92102.65077 	4.506508e-03 	
956 	5.5e-09 	92151.41129 	4.504124e-03 	
1189 	5.5e-09 	92160.33086 	4.503688e-03 	
193 	5.5e-09 	92230.17107 	4.500278e-03 	
749 	5.5e-09 	92173.79626 	4.503030e-03 	
919 	5.5e-09 	92166.83067 	4.503370e-03 	
39 	5.5e-09 	92256.74967 	4.498981e-03 	
1145 	5.5e-09 	92271.55934 	4.498259e-03 	
1654 	5.5e-09 	92281.47383 	4.497776e-03 	
1861 	5.5e-09 	92289.54027 	4.497383e-03 	
1789 	5.5e-09 	92298.16502 	4.496962e-03 	
619 	5.5e-09 	92302.09287 	4.496771e-03 	
92 	5.5e-09 	92303.58997 	4.496698e-03 	
1668 	5.5e-09 	92330.0009 	4.495412e-03 	
275 	5.5e-09 	92444.47362 	4.489845e-03 	
1739 	5.5e-09 	92406.41436 	4.491694e-03 	
1283 	5.5e-09 	92456.4787 	4.489262e-03 	
516 	5.5e-09 	92342.94762 	4.494781e-03 	
282 	5.5e-09 	92344.52445 	4.494705e-03 	
1269 	5.5e-09 	92345.40474 	4.494662e-03 	
495 	5.5e-09 	92352.66925 	4.494308e-03 	
937 	5.5e-09 	92486.30047 	4.487815e-03 	
1903 	5.5e-09 	92390.50507 	4.492468e-03 	
1045 	5.5e-09 	92463.57295 	4.488918e-03 	
1470 	5.5e-09 	92504.31878 	4.486940e-03 	
726 	5.5e-09 	92469.56799 	4.488627e-03 	
934 	5.5e-09 	92527.10561 	4.485835e-03 	
1939 	5.5e-09 	92599.12363 	4.482347e-03 	
1872 	5.5e-09 	92608.62531 	4.481887e-03 	
637 	5.5e-09 	92619.96935 	4.481338e-03 	
430 	5.5e-09 	92623.80744 	4.481152e-03 	
1219 	5.5e-09 	92623.64353 	4.481160e-03 	
383 	5.5e-09 	92658.19909 	4.479489e-03 	
1435 	5.5e-09 	92616.94996 	4.481484e-03 	
1318 	5.5e-09 	92726.3424 	4.476197e-03 	
1897 	5.5e-09 	92708.07999 	4.477079e-03 	
571 	5.5e-09 	92663.36681 	4.479239e-03 	
1360 	5.5e-09 	92704.94205 	4.477230e-03 	
887 	5.5e-09 	92760.43199 	4.474552e-03 	
488 	5.5e-09 	92766.65054 	4.474252e-03 	
211 	5.5e-09 	92723.61559 	4.476329e-03 	
1895 	5.5e-09 	92661.93857 	4.479308e-03 	
474 	5.5e-09 	92782.34361 	4.473495e-03 	
51 	5.5e-09 	92907.55481 	4.467466e-03 	
1565 	5.5e-09 	92934.43679 	4.466174e-03 	
795 	5.5e-09 	92990.39948 	4.463486e-03 	
1983 	5.5e-09 	92957.59103 	4.465062e-03 	
1703 	5.5e-09 	93017.85567 	4.462169e-03 	
1986 	5.5e-09 	93040.99607 	4.461059e-03 	
851 	5.5e-09 	93082.6805 	4.459061e-03 	
912 	5.5e-09 	93133.51318 	4.456627e-03 	
1927 	5.5e-09 	93132.98206 	4.456653e-03 	
1297 	5.5e-09 	93211.00828 	4.452922e-03 	
740 	5.5e-09 	93133.57768 	4.456624e-03 	
962 	5.5e-09 	93168.56919 	4.454951e-03 	
804 	5.5e-09 	93234.20889 	4.451814e-03 	
425 	5.5e-09 	93241.75516 	4.451454e-03 	
1079 	5.5e-09 	93246.85742 	4.451210e-03 	
899 	5.5e-09 	93041.77057 	4.461022e-03 	
1357 	5.5e-09 	93153.81096 	4.455656e-03 	
137 	5.5e-09 	93312.3646 	4.448085e-03 	
1681 	5.5e-09 	93286.35145 	4.449326e-03 	
1340 	5.5e-09 	93251.40904 	4.450993e-03 	
1058 	5.5e-09 	93329.14936 	4.447285e-03 	
1150 	5.5e-09 	93347.33681 	4.446419e-03 	
207 	5.5e-09 	93378.83184 	4.444919e-03 	
1838 	5.5e-09 	93419.05771 	4.443005e-03 	
1136 	5.5e-09 	93456.29771 	4.441235e-03 	
453 	5.5e-09 	93461.64641 	4.440981e-03 	
1352 	5.5e-09 	93464.97225 	4.440823e-03 	
1803 	5.5e-09 	93507.96104 	4.438781e-03 	
1480 	5.5e-09 	93527.77999 	4.437841e-03 	
1006 	5.5e-09 	93544.73519 	4.437036e-03 	
1808 	5.5e-09 	93554.73215 	4.436562e-03 	
616 	5.5e-09 	93565.09942 	4.436070e-03 	
1493 	5.5e-09 	93568.42822 	4.435913e-03 	
142 	5.5e-09 	93589.64329 	4.434907e-03 	
1210 	5.5e-09 	93673.33202 	4.430945e-03 	
831 	5.5e-09 	93626.46434 	4.433163e-03 	
646 	5.5e-09 	93621.87589 	4.433380e-03 	
1686 	5.5e-09 	93689.48036 	4.430181e-03 	
300 	5.5e-09 	93688.72137 	4.430217e-03 	
356 	5.5e-09 	93731.48915 	4.428196e-03 	
479 	5.5e-09 	93754.9733 	4.427086e-03 	
1097 	5.5e-09 	93767.83874 	4.426479e-03 	
1001 	5.5e-09 	93721.11661 	4.428686e-03 	
1498 	5.5e-09 	93784.75241 	4.425681e-03 	
713 	5.5e-09 	93869.70344 	4.421676e-03 	
247 	5.5e-09 	93854.52259 	4.422391e-03 	
226 	5.5e-09 	93803.21902 	4.424809e-03 	
593 	5.5e-09 	93873.84226 	4.421481e-03 	
305 	5.5e-09 	93898.66996 	4.420312e-03 	
866 	5.5e-09 	93902.87086 	4.420114e-03 	
1434 	5.5e-09 	93996.10594 	4.415729e-03 	
1402 	5.5e-09 	94120.90185 	4.409875e-03 	
1255 	5.5e-09 	94181.27188 	4.407048e-03 	
436 	5.5e-09 	94188.19447 	4.406724e-03 	
229 	5.5e-09 	94193.29896 	4.406485e-03 	
817 	5.5e-09 	94050.17924 	4.413191e-03 	
450 	5.5e-09 	93998.80257 	4.415603e-03 	
433 	5.5e-09 	93882.0272 	4.421095e-03 	
777 	5.5e-09 	94201.01522 	4.406124e-03 	
1479 	5.5e-09 	94211.02809 	4.405656e-03 	
1437 	5.5e-09 	93882.10893 	4.421091e-03 	
1457 	5.5e-09 	94248.79757 	4.403890e-03 	
1704 	5.5e-09 	94278.56377 	4.402500e-03 	
1974 	5.5e-09 	94309.97507 	4.401034e-03 	
1579 	5.5e-09 	94318.249 	4.400648e-03 	
1584 	5.5e-09 	94255.5107 	4.403577e-03 	
264 	5.5e-09 	94417.87038 	4.396004e-03 	
1213 	5.5e-09 	94411.23782 	4.396313e-03 	
1992 	5.5e-09 	94484.84693 	4.392888e-03 	
176 	5.5e-09 	94466.53652 	4.393740e-03 	
570 	5.5e-09 	94477.71174 	4.393220e-03 	
1635 	5.5e-09 	94508.89269 	4.391771e-03 	
1246 	5.5e-09 	94577.19215 	4.388599e-03 	
1052 	5.5e-09 	94530.49434 	4.390767e-03 	
1526 	5.5e-09 	94593.19074 	4.387857e-03 	
1916 	5.5e-09 	94582.93142 	4.388333e-03 	
840 	5.5e-09 	94736.16228 	4.381235e-03 	
718 	5.5e-09 	94758.56341 	4.380199e-03 	
1123 	5.5e-09 	94543.925 	4.390143e-03 	
580 	5.5e-09 	94737.84263 	4.381157e-03 	
674 	5.5e-09 	94763.22196 	4.379984e-03 	
40 	5.5e-09 	94780.87487 	4.379168e-03 	
1521 	5.5e-09 	94784.19906 	4.379014e-03 	
68 	5.5e-09 	94771.4994 	4.379601e-03 	
1355 	5.5e-09 	94835.67169 	4.376638e-03 	
1233 	5.5e-09 	94794.68915 	4.378530e-03 	
1311 	5.5e-09 	94945.75883 	4.371563e-03 	
685 	5.5e-09 	94878.8879 	4.374644e-03 	
1969 	5.5e-09 	94932.00676 	4.372196e-03 	
328 	5.5e-09 	94917.88053 	4.372847e-03 	
1396 	5.5e-09 	94968.58398 	4.370512e-03 	
901 	5.5e-09 	94999.19989 	4.369104e-03 	
858 	5.5e-09 	94996.9749 	4.369206e-03 	
397 	5.5e-09 	94957.44031 	4.371025e-03 	
1346 	5.5e-09 	94876.61327 	4.374749e-03 	
1108 	5.5e-09 	95022.30945 	4.368041e-03 	
346 	5.5e-09 	95043.33012 	4.367075e-03 	
1643 	5.5e-09 	94974.64001 	4.370234e-03 	
1991 	5.5e-09 	95019.90929 	4.368152e-03 	
1205 	5.5e-09 	95068.74347 	4.365908e-03 	
1725 	5.5e-09 	95083.45353 	4.365232e-03 	
1620 	5.5e-09 	95082.57098 	4.365273e-03 	
1859 	5.5e-09 	95133.55894 	4.362933e-03 	
96 	5.5e-09 	95152.41482 	4.362069e-03 	
898 	5.5e-09 	95395.17951 	4.350968e-03 	
1787 	5.5e-09 	95230.07017 	4.358512e-03 	
983 	5.5e-09 	95179.11546 	4.360845e-03 	
347 	5.5e-09 	95335.69055 	4.353683e-03 	
1131 	5.5e-09 	95403.46205 	4.350590e-03 	
1758 	5.5e-09 	95415.8679 	4.350025e-03 	
173 	5.5e-09 	95458.35153 	4.348089e-03 	
1238 	5.5e-09 	95504.28682 	4.345997e-03 	
76 	5.5e-09 	95512.93433 	4.345604e-03 	
1177 	5.5e-09 	95429.74899 	4.349392e-03 	
732 	5.5e-09 	95544.39011 	4.344173e-03 	
486 	5.5e-09 	95556.71365 	4.343613e-03 	
677 	5.5e-09 	95650.72272 	4.339344e-03 	
710 	5.5e-09 	95543.89381 	4.344196e-03 	
970 	5.5e-09 	95723.19536 	4.336058e-03 	
943 	5.5e-09 	95755.8875 	4.334578e-03 	
588 	5.5e-09 	95810.20911 	4.332121e-03 	
1628 	5.5e-09 	95802.24486 	4.332481e-03 	
206 	5.5e-09 	95851.82954 	4.330239e-03 	
1941 	5.5e-09 	95869.01394 	4.329463e-03 	
115 	5.5e-09 	95832.51941 	4.331112e-03 	
627 	5.5e-09 	95869.51928 	4.329440e-03 	
86 	5.5e-09 	95827.26501 	4.331349e-03 	
235 	5.5e-09 	95869.95018 	4.329421e-03 	
1606 	5.5e-09 	95878.68427 	4.329027e-03 	
1573 	5.5e-09 	95900.34724 	4.328049e-03 	
1858 	5.5e-09 	95973.07835 	4.324769e-03 	
143 	5.5e-09 	95911.53524 	4.327544e-03 	
471 	5.5e-09 	95892.72876 	4.328393e-03 	
1779 	5.5e-09 	95989.56871 	4.324026e-03 	
746 	5.5e-09 	96016.54778 	4.322811e-03 	
1717 	5.5e-09 	96026.42216 	4.322366e-03 	
724 	5.5e-09 	96034.06831 	4.322022e-03 	
1116 	5.5e-09 	96040.55603 	4.321730e-03 	
976 	5.5e-09 	96091.66087 	4.319432e-03 	
1321 	5.5e-09 	96094.20927 	4.319317e-03 	
876 	5.5e-09 	96134.60165 	4.317502e-03 	
1266 	5.5e-09 	96228.77621 	4.313277e-03 	
1275 	5.5e-09 	96150.68902 	4.316780e-03 	
1879 	5.5e-09 	96205.48073 	4.314321e-03 	
198 	5.5e-09 	96258.77706 	4.311933e-03 	
464 	5.5e-09 	96320.87017 	4.309153e-03 	
1551 	5.5e-09 	96320.9959 	4.309147e-03 	
1094 	5.5e-09 	96424.1002 	4.304540e-03 	
1750 	5.5e-09 	96241.69768 	4.312698e-03 	
1394 	5.5e-09 	96456.62788 	4.303088e-03 	
458 	5.5e-09 	96346.33848 	4.308014e-03 	
1039 	5.5e-09 	96470.49029 	4.302470e-03 	
565 	5.5e-09 	96506.29773 	4.300873e-03 	
1614 	5.5e-09 	96607.44039 	4.296371e-03 	
480 	5.5e-09 	96642.13063 	4.294828e-03 	
655 	5.5e-09 	96512.46093 	4.300599e-03 	
1089 	5.5e-09 	96611.19975 	4.296203e-03 	
769 	5.5e-09 	96689.90074 	4.292707e-03 	
929 	5.5e-09 	96643.99483 	4.294746e-03 	
1465 	5.5e-09 	96700.69399 	4.292227e-03 	
1880 	5.5e-09 	96742.22022 	4.290385e-03 	
1368 	5.5e-09 	96430.26542 	4.304265e-03 	
61 	5.5e-09 	96736.684 	4.290631e-03 	
123 	5.5e-09 	96515.92043 	4.300445e-03 	
635 	5.5e-09 	96794.52738 	4.288067e-03 	
1220 	5.5e-09 	96754.5011 	4.289840e-03 	
562 	5.5e-09 	96839.26771 	4.286085e-03 	
165 	5.5e-09 	96864.92845 	4.284950e-03 	
1367 	5.5e-09 	96907.24208 	4.283079e-03 	
1581 	5.5e-09 	97183.28843 	4.270913e-03 	
53 	5.5e-09 	97235.55816 	4.268617e-03 	
1656 	5.5e-09 	97261.70288 	4.267470e-03 	
338 	5.5e-09 	97251.72043 	4.267908e-03 	
184 	5.5e-09 	97024.67075 	4.277895e-03 	
1740 	5.5e-09 	96968.04764 	4.280393e-03 	
1228 	5.5e-09 	97027.18358 	4.277784e-03 	
320 	5.5e-09 	97239.59976 	4.268440e-03 	
1305 	5.5e-09 	97180.65308 	4.271029e-03 	
1788 	5.5e-09 	97267.01404 	4.267237e-03 	
417 	5.5e-09 	97311.37805 	4.265291e-03 	
327 	5.5e-09 	97317.23354 	4.265035e-03 	
1452 	5.5e-09 	97327.06533 	4.264604e-03 	
559 	5.5e-09 	97340.91126 	4.263997e-03 	
1241 	5.5e-09 	97286.50131 	4.266382e-03 	
517 	5.5e-09 	97402.76456 	4.261289e-03 	
1833 	5.5e-09 	97468.66135 	4.258408e-03 	
832 	5.5e-09 	97481.90748 	4.257830e-03 	
102 	5.5e-09 	97498.20796 	4.257118e-03 	
32 	5.5e-09 	97420.79742 	4.260501e-03 	
1202 	5.5e-09 	97609.2227 	4.252276e-03 	
641 	5.5e-09 	97710.24127 	4.247880e-03 	
227 	5.5e-09 	97542.38892 	4.255190e-03 	
606 	5.5e-09 	97584.01774 	4.253374e-03 	
13 	5.5e-09 	97754.41415 	4.245960e-03 	
1977 	5.5e-09 	97777.75607 	4.244947e-03 	
341 	5.5e-09 	97820.23195 	4.243104e-03 	
601 	5.5e-09 	97821.06889 	4.243067e-03 	
1490 	5.5e-09 	97867.7017 	4.241045e-03 	
1066 	5.5e-09 	97851.33438 	4.241755e-03 	
1069 	5.5e-09 	97825.31136 	4.242883e-03 	
874 	5.5e-09 	98043.41504 	4.233445e-03 	
212 	5.5e-09 	97924.91267 	4.238568e-03 	
984 	5.5e-09 	98121.96428 	4.230056e-03 	
1696 	5.5e-09 	98051.66963 	4.233088e-03 	
822 	5.5e-09 	98177.87381 	4.227647e-03 	
739 	5.5e-09 	98153.07545 	4.228715e-03 	
1472 	5.5e-09 	98228.62597 	4.225462e-03 	
219 	5.5e-09 	98242.49825 	4.224866e-03 	
1227 	5.5e-09 	98271.30176 	4.223627e-03 	
942 	5.5e-09 	98322.3276 	4.221436e-03 	
313 	5.5e-09 	98329.7624 	4.221116e-03 	
1947 	5.5e-09 	98365.04205 	4.219602e-03 	
723 	5.5e-09 	98462.91226 	4.215408e-03 	
94 	5.5e-09 	98496.33591 	4.213978e-03 	
1825 	5.5e-09 	98482.89096 	4.214553e-03 	
1183 	5.5e-09 	98563.13846 	4.211122e-03 	
682 	5.5e-09 	98370.48844 	4.219369e-03 	
1102 	5.5e-09 	98605.2617 	4.209323e-03 	
318 	5.5e-09 	98700.76292 	4.205250e-03 	
1268 	5.5e-09 	98733.54787 	4.203854e-03 	
1557 	5.5e-09 	98806.8261 	4.200736e-03 	
1061 	5.5e-09 	98702.33508 	4.205183e-03 	
375 	5.5e-09 	98813.96509 	4.200432e-03 	
622 	5.5e-09 	98794.11468 	4.201276e-03 	
705 	5.5e-09 	98784.17629 	4.201699e-03 	
1142 	5.5e-09 	99098.90181 	4.188355e-03 	
748 	5.5e-09 	99125.43503 	4.187234e-03 	
1391 	5.5e-09 	99127.19946 	4.187159e-03 	
965 	5.5e-09 	98846.75025 	4.199039e-03 	
1349 	5.5e-09 	99153.05671 	4.186067e-03 	
228 	5.5e-09 	99108.79306 	4.187937e-03 	
787 	5.5e-09 	99153.69785 	4.186040e-03 	
220 	5.5e-09 	99256.33435 	4.181712e-03 	
154 	5.5e-09 	99264.73161 	4.181358e-03 	
387 	5.5e-09 	99296.79295 	4.180008e-03 	
861 	5.5e-09 	99273.37702 	4.180994e-03 	
907 	5.5e-09 	99295.32069 	4.180070e-03 	
1809 	5.5e-09 	99312.32904 	4.179354e-03 	
895 	5.5e-09 	99321.30156 	4.178976e-03 	
1866 	5.5e-09 	99330.14053 	4.178604e-03 	
991 	5.5e-09 	99369.7364 	4.176939e-03 	
1383 	5.5e-09 	99447.96763 	4.173654e-03 	
1830 	5.5e-09 	99125.18877 	4.187244e-03 	
1956 	5.5e-09 	99492.93523 	4.171767e-03 	
1591 	5.5e-09 	99621.62911 	4.166378e-03 	
1662 	5.5e-09 	99638.30992 	4.165681e-03 	
1191 	5.5e-09 	99606.1984 	4.167024e-03 	
1000 	5.5e-09 	99674.04485 	4.164187e-03 	
948 	5.5e-09 	99677.49343 	4.164043e-03 	
444 	5.5e-09 	99743.15064 	4.161302e-03 	
241 	5.5e-09 	99651.19047 	4.165142e-03 	
1869 	5.5e-09 	99782.53603 	4.159659e-03 	
850 	5.5e-09 	99761.52693 	4.160535e-03 	
551 	5.5e-09 	99846.21374 	4.157007e-03 	
825 	5.5e-09 	99849.82612 	4.156856e-03 	
1053 	5.5e-09 	99885.52087 	4.155371e-03 	
1852 	5.5e-09 	99853.21199 	4.156715e-03 	